-0.637140308373589
0.725759624880567
1.02675428838243
-1.26609668640919
-0.116352128161041
0.956267807744814
0.0799874305147001
-0.581060497056042
0.00924141797454716
1.96080417811526
0.873889431300319
-1.6293136584582
-0.23087992052697
1.40383473970352
-1.17290419975213
-0.234338860452633
0.229492070707655
1.73863119101696
-1.26973041404303
-0.0412803502449033
1.46992949416716
0.37604270049067
-1.30445442064581
0.391529723355081
1.59443098428121
-1.01601931035325
-0.315201585687669
1.17408304422537
0.232913471023896
-1.10982719380919
0.212365158714335
1.63514994139424
-0.889124070126538
-0.43982974733198
0.326208659074515
0.722613706332189
-0.940578195673806
-0.221292575603133
0.662745495847112
0.937212452897485
-0.795364397275311
0.0892360083948472
1.64760239829055
-2.00892687465563
0.0865630399403806
1.86672762055941
-0.408728921534462
-0.20758079434735
0.325974108344936
1.25256435806421
-1.03921636208466
0.275609223903322
1.75325138280202
2.87584532606608
1.05005330096156
-0.770910606490241
-1.50063642448446
-1.39335585037706
-1.04942295485066
-0.218906807661615
-0.548841442800651
0.398940042264367
1.51125938792227
1.64016249141966
0.843293076542647
-0.897082099098916
-1.31548321897634
-1.11446028261906
1.59334569219564
2.41330081223945
-0.214583173064374
-0.521169403010571
-1.23181362092321
-1.28657451387838
-0.868677653536549
-0.317823441905715
0.683047806200371
0.607793103079263
-0.738900226900695
-0.279676197110399
0.0884963042837475
0.0157553259431609
0.852070229506139
0.821052380558765
-1.16139096994558
-0.0954521822467907
0.612516269761589
0.260330963323825
-0.569439195475458
0.162035103116626
1.62994616789584
0.962901849416022
-1.28102953644649
-1.16638221596458
0.608734908270138
0.323516635943489
-0.204205670586793
-0.15609196900024
1.17143650242998
-0.727349299627644
-0.0509858428296776
0.652364071601789
-0.17657946261472
-0.41344401872782
0.29565160574698
1.37345728799425
-0.90484518527337
-0.294399696637156
0.831936114119893
0.719264655187995
-1.36350224350088
0.0526787594202247
1.40288054123641
-0.0800089453124316
-1.15671549336744
-0.41280130637222
1.44751653819203
-0.343040083280251
-0.511337240808864
0.309888483442221
1.4855187125944
-1.25673693456587
-0.347816733703424
1.92571391979142
1.95795519325792
1.99369739540535
-1.68191577794994
-1.30671554539685
-0.525980913553828
-0.839341353782898
-1.03082044610394
-0.724395478137668
-0.324993950835365
-0.667100883938527
0.613520722092132
1.66167158162347
-1.12504610216778
-1.04142455931903
0.377548395865473
1.07585113185188
-1.32167657946585
-0.347241528015544
-0.00541278311803882
1.39854406855744
0.369298087670052
-1.17496433278951
-0.515858986866205
-0.205969053445846
-0.58212902559804
1.0105293288105
-0.982575086003943
-0.823744107354273
-0.17016815907814
1.58916581909812
0.648921266767468
-0.774269483575642
-1.02379598497647
0.269132124860502
1.965344548155
-0.928032999479935
-1.25847369089542
0.118051121825988
0.00530407648782881
1.39675246376594
-0.88899396325956
-0.255722708116599
0.215549062303109
0.0799562779810851
-0.915916934854116
-0.258841953962913
0.679743332359394
1.2400437973098
-1.17773518352508
0.166943051719278
0.855083876329863
0.080815678603664
-0.633407615231797
-0.293533622316817
1.91808890099934
-1.04480554068716
-1.09352833787514
-0.249072763159603
1.15652022448999
-0.948850221606872
-0.906611132312465
-0.109209290800465
1.22135887771468
-0.0125710836699442
-0.683367059917549
0.201182137233695
1.30973004859331
-0.849095805819515
-0.612868358043344
1.7275294203509
0.286830874532234
-1.48761645614465
-0.0171550559812009
1.69622155620801
-1.073737098702
-0.662695341587151
0.962833060370872
-0.267709873930167
-1.67768740777337
0.777127855112039
-0.519032384078391
-0.848911600510527
0.114413034200872
0.90452514889381
-1.32093058363659
-0.533559903876042
1.1852567464467
-1.62532654768043
-0.454727724996609
1.49995449215625
-1.44551958872028
-0.532706170297282
1.42218894390783
-0.740329467469603
-0.794269546313609
0.414867297341
0.136463485919569
-1.17987632036423
0.559125287582843
1.30205258314698
-1.52081985406755
-0.577618744708486
1.45845724869279
-1.51142270431921
-0.650177549265298
1.02337337205021
-1.00498560440131
-0.450603997543215
0.724291572966488
0.0481777777424337
-0.820623778936947
0.117079960361571
1.12305510196987
-1.16265155205633
0.165637083815067
1.7892648321332
-1.22209751212116
-1.33415236497238
0.853117437901122
-0.227196276988848
-1.26962934801073
-0.19838453132343
1.30161047022512
-1.33524872247141
-0.525850749483885
1.31097861840941
-0.515861578920983
-0.921826414115017
0.106308349739736
1.3449383536092
-1.06722374998691
-0.728538610502484
0.876418243370021
-0.911126838991337
-0.482084008851105
0.284687245690472
