-0.637140308373586
0.725759624880569
1.02675428838244
-1.26609668640919
-0.116352128161041
0.956267807744815
0.0799874305147003
-0.581060497056041
0.00924141797454706
1.96080417811527
0.87388943130032
-1.6293136584582
-0.23087992052697
1.40383473970352
-1.17290419975212
-0.234338860452633
0.229492070707653
1.73863119101696
-1.26973041404303
-0.0412803502449035
1.46992949416717
0.376042700490669
-1.30445442064581
0.39152972335508
1.59443098428121
-1.01601931035324
-0.315201585687669
1.17408304422537
0.232913471023895
-1.10982719380919
0.212365158714334
1.63514994139424
-0.889124070126543
-0.439829747331979
0.326208659074514
0.722613706332187
-0.940578195673808
-0.221292575603133
0.662745495847116
0.937212452897481
-0.795364397275313
0.0892360083948471
1.64760239829056
-2.00892687465562
0.0865630399403809
1.86672762055941
-0.408728921534461
-0.207580794347351
0.325974108344936
1.25256435806421
-1.03921636208466
0.275609223903322
1.75325138280202
2.87584532606608
1.05005330096156
-0.770910606490239
-1.50063642448446
-1.39335585037706
-1.04942295485067
-0.218906807661616
-0.54884144280065
0.398940042264366
1.51125938792227
1.64016249141966
0.843293076542643
-0.897082099098918
-1.31548321897634
-1.11446028261906
1.59334569219565
2.41330081223944
-0.214583173064374
-0.521169403010569
-1.23181362092321
-1.28657451387837
-0.868677653536544
-0.317823441905715
0.68304780620037
0.60779310307926
-0.738900226900694
-0.2796761971104
0.088496304283747
0.0157553259431606
0.852070229506139
0.821052380558763
-1.16139096994558
-0.0954521822467913
0.612516269761589
0.260330963323824
-0.569439195475455
0.162035103116626
1.62994616789584
0.962901849416023
-1.28102953644649
-1.16638221596458
0.608734908270139
0.323516635943488
-0.204205670586793
-0.15609196900024
1.17143650242997
-0.727349299627641
-0.0509858428296779
0.65236407160179
-0.17657946261472
-0.413444018727818
0.29565160574698
1.37345728799425
-0.904845185273367
-0.294399696637155
0.831936114119894
0.719264655187992
-1.36350224350088
0.0526787594202245
1.4028805412364
-0.0800089453124317
-1.15671549336744
-0.412801306372219
1.44751653819203
-0.343040083280252
-0.511337240808865
0.309888483442221
1.4855187125944
-1.25673693456587
-0.347816733703423
1.92571391979142
1.95795519325792
1.99369739540534
-1.68191577794995
-1.30671554539685
-0.525980913553828
-0.839341353782896
-1.03082044610393
-0.724395478137669
-0.324993950835366
-0.667100883938527
0.613520722092128
1.66167158162347
-1.12504610216778
-1.04142455931903
0.377548395865472
1.07585113185188
-1.32167657946585
-0.347241528015543
-0.00541278311803908
1.39854406855744
0.369298087670051
-1.17496433278951
-0.515858986866203
-0.205969053445846
-0.58212902559804
1.0105293288105
-0.982575086003944
-0.82374410735427
-0.17016815907814
1.58916581909812
0.648921266767467
-0.77426948357564
-1.02379598497646
0.269132124860501
1.965344548155
-0.928032999479936
-1.25847369089543
0.118051121825988
0.00530407648782868
1.39675246376594
-0.888993963259564
-0.255722708116599
0.215549062303109
0.0799562779810847
-0.915916934854115
-0.258841953962913
0.679743332359391
1.24004379730981
-1.17773518352508
0.166943051719278
0.855083876329866
0.0808156786036634
-0.633407615231798
-0.293533622316817
1.91808890099935
-1.04480554068716
-1.09352833787514
-0.249072763159603
1.15652022448998
-0.948850221606872
-0.906611132312463
-0.109209290800465
1.22135887771468
-0.0125710836699445
-0.683367059917548
0.201182137233695
1.30973004859331
-0.849095805819515
-0.612868358043342
1.7275294203509
0.286830874532233
-1.48761645614464
-0.0171550559812012
1.69622155620801
-1.073737098702
-0.662695341587153
0.962833060370867
-0.267709873930168
-1.67768740777336
0.777127855112043
-0.519032384078393
-0.848911600510531
0.114413034200872
0.904525148893808
-1.32093058363659
-0.533559903876043
1.1852567464467
-1.62532654768042
-0.454727724996609
1.49995449215624
-1.44551958872028
-0.532706170297283
1.42218894390783
-0.740329467469605
-0.794269546313613
0.414867297341
0.136463485919569
-1.17987632036423
0.559125287582841
1.30205258314698
-1.52081985406755
-0.577618744708486
1.4584572486928
-1.5114227043192
-0.650177549265299
1.02337337205021
-1.00498560440131
-0.450603997543216
0.724291572966487
0.0481777777424331
-0.820623778936951
0.117079960361571
1.12305510196987
-1.16265155205633
0.165637083815067
1.7892648321332
-1.22209751212116
-1.33415236497238
0.853117437901121
-0.227196276988848
-1.26962934801073
-0.19838453132343
1.30161047022512
-1.33524872247141
-0.525850749483887
1.31097861840942
-0.515861578920985
-0.921826414115019
0.106308349739735
1.34493835360921
-1.06722374998691
-0.728538610502487
0.87641824337002
-0.91112683899134
-0.482084008851105
0.28468724569047
