0.637140308373581
-0.725759624880575
-1.02675428838245
1.26609668640919
0.116352128161042
-0.956267807744811
-0.0799874305147008
0.581060497056043
-0.00924141797454674
-1.96080417811528
-0.873889431300311
1.62931365845821
0.23087992052697
-1.40383473970353
1.17290419975211
0.234338860452635
-0.229492070707657
-1.73863119101697
1.26973041404303
0.0412803502449042
-1.46992949416718
-0.376042700490666
1.30445442064582
-0.391529723355084
-1.59443098428123
1.01601931035325
0.31520158568767
-1.17408304422537
-0.232913471023897
1.10982719380919
-0.212365158714334
-1.63514994139424
0.889124070126542
0.439829747331976
-0.326208659074518
-0.722613706332183
0.940578195673808
0.221292575603136
-0.662745495847113
-0.93721245289748
0.795364397275315
-0.089236008394846
-1.64760239829057
2.00892687465563
-0.08656303994038
-1.86672762055941
0.408728921534462
0.207580794347354
-0.325974108344938
-1.2525643580642
1.03921636208466
-0.275609223903323
-1.75325138280203
-2.87584532606606
-1.05005330096156
0.770910606490237
1.50063642448447
1.39335585037706
1.04942295485068
0.218906807661615
0.548841442800645
-0.398940042264366
-1.51125938792226
-1.64016249141966
-0.843293076542643
0.897082099098918
1.31548321897633
1.11446028261908
-1.59334569219567
-2.41330081223942
0.214583173064375
0.521169403010566
1.23181362092321
1.28657451387836
0.868677653536541
0.317823441905716
-0.683047806200373
-0.607793103079254
0.73890022690069
0.279676197110403
-0.0884963042837446
-0.0157553259431597
-0.85207022950614
-0.821052380558765
1.16139096994559
0.0954521822467922
-0.612516269761584
-0.260330963323821
0.569439195475451
-0.162035103116628
-1.62994616789585
-0.96290184941602
1.28102953644649
1.16638221596457
-0.608734908270139
-0.323516635943486
0.204205670586794
0.156091969000242
-1.17143650242998
0.727349299627632
0.0509858428296788
-0.652364071601785
0.17657946261472
0.413444018727816
-0.295651605746981
-1.37345728799424
0.904845185273359
0.294399696637151
-0.831936114119901
-0.71926465518799
1.36350224350087
-0.0526787594202247
-1.4028805412364
0.0800089453124323
1.15671549336743
0.412801306372225
-1.44751653819202
0.343040083280251
0.511337240808868
-0.30988848344222
-1.4855187125944
1.25673693456588
0.347816733703422
-1.92571391979143
-1.9579551932579
-1.99369739540533
1.68191577794996
1.30671554539685
0.525980913553832
0.839341353782889
1.03082044610392
0.724395478137671
0.324993950835366
0.667100883938527
-0.613520722092126
-1.66167158162349
1.12504610216779
1.04142455931902
-0.377548395865472
-1.07585113185188
1.32167657946586
0.34724152801554
0.00541278311803982
-1.39854406855741
-0.369298087670054
1.17496433278951
0.515858986866205
0.205969053445848
0.582129025598045
-1.01052932881051
0.982575086003942
0.823744107354267
0.170168159078139
-1.58916581909814
-0.64892126676747
0.774269483575644
1.02379598497645
-0.269132124860504
-1.965344548155
0.928032999479941
1.25847369089543
-0.118051121825987
-0.00530407648782827
-1.39675246376595
0.888993963259568
0.255722708116599
-0.215549062303109
-0.0799562779810842
0.915916934854121
0.258841953962914
-0.679743332359395
-1.2400437973098
1.17773518352508
-0.166943051719277
-0.855083876329886
-0.0808156786036625
0.633407615231793
0.293533622316822
-1.91808890099936
1.04480554068715
1.09352833787514
0.249072763159603
-1.15652022448999
0.948850221606871
0.906611132312451
0.109209290800465
-1.22135887771469
0.012571083669945
0.683367059917542
-0.201182137233696
-1.30973004859329
0.849095805819515
0.61286835804334
-1.72752942035091
-0.286830874532229
1.48761645614463
0.0171550559812019
-1.696221556208
1.07373709870199
0.662695341587156
-0.962833060370851
0.26770987393017
1.67768740777336
-0.777127855112049
0.519032384078402
0.848911600510536
-0.11441303420087
-0.904525148893815
1.32093058363657
0.533559903876044
-1.1852567464467
1.62532654768041
0.454727724996608
-1.49995449215624
1.44551958872029
0.53270617029729
-1.42218894390782
0.740329467469605
0.794269546313619
-0.414867297340993
-0.136463485919571
1.17987632036423
-0.559125287582826
-1.30205258314699
1.52081985406755
0.577618744708492
-1.4584572486928
1.5114227043192
0.650177549265304
-1.0233733720502
1.00498560440131
0.45060399754322
-0.724291572966483
-0.0481777777424327
0.820623778936954
-0.117079960361568
-1.12305510196986
1.16265155205633
-0.165637083815067
-1.7892648321332
1.22209751212113
1.33415236497238
-0.853117437901117
0.227196276988849
1.26962934801072
0.198384531323432
-1.30161047022511
1.33524872247142
0.52585074948389
-1.31097861840944
0.515861578920992
0.921826414115025
-0.106308349739732
-1.34493835360923
1.06722374998692
0.728538610502495
-0.876418243370023
0.911126838991349
0.482084008851107
-0.284687245690468
