1.18579648652846
1.39797424734369
0.14726256801972
0.612436143734788
1.78170017857242
1.4681253769847
0.747326739501132
0.0051510303979307
1.28582654387417
0.197852838262437
0.0505535452107177
0.192876548077059
0.128963259339222
0.0891074654865592
-0.436130412098919
0.850284043591572
0.0153226631683243
0.109792744395847
-0.757443634504297
0.47440204300421
0.161859032293559
-1.08711812932237
-0.261203406713862
0.57649162107782
-0.307162387453904
-1.05330549483057
0.45989195749849
0.349597454410526
-0.42976402676664
0.385853509112695
0.769094942207174
-0.19670215262732
-0.917636636145431
0.31244056179797
0.400085020083064
-0.0519966013767688
-1.08216111770235
0.649432879159612
0.952179664800073
-0.772709522818081
-0.549865345261317
0.467303319504483
0.651820971819653
0.749013257348034
2.07182384486912
0.317484416860221
0.0525116511213462
0.853250405411319
-0.165325072129287
0.285380854652723
-0.387880753823296
1.24110605976923
0.654059073353938
-0.484436472519085
-0.527631873476539
1.27812389255237
1.42201663523186
1.15425750603179
1.12264209923001
0.606932814919703
-0.833028472455603
0.633900057026316
-0.316432998302965
-0.510072019347611
-0.512876132632197
0.609758738020734
1.21158180037999
1.3350509106341
0.445985393238783
-1.19326077878947
-1.18134130040915
-0.305507619731096
0.0461760434955351
1.26913237898715
0.646411538681307
-0.152882696703588
-0.663424560802392
-1.45531125528304
-1.4230150770319
-0.487398044299254
-0.586043509695756
-0.50837075357296
-1.28184977363838
-1.14295698154241
-1.23611330050518
0.48790799489909
-0.237812175851987
-0.899816782135525
-0.931436454926987
0.114574403041778
-0.860937306557803
-1.10555904408514
-0.775870896314716
0.393641542273763
0.73060707451933
-0.873490467428816
-0.0598353773444716
-0.538761851302262
0.439447240047733
-1.23482858667024
-0.68256675766665
-1.00160830994999
-1.34167507403064
-1.08073660830671
-0.934455112216006
-0.345166295434856
-1.08742616061139
-0.166235459477197
-0.396304883484366
-0.40496806133691
-0.380640539047884
0.656942176426536
0.0608331797042925
-0.526086936161139
-1.0146271543141
-0.888217440495663
0.0484426981074458
-0.762398556699541
-0.832353346376798
-0.562503749816962
-0.599246147579362
-1.61244152390715
-0.301308169281491
-0.383036049843577
-1.51474730970207
-0.872158627696585
-0.743002359617838
0.42347321767869
0.117138395157514
-0.319860547966019
-0.480247896549313
-0.822514109405912
-0.499870214445568
-0.724108997005738
-0.530801795684388
-0.949717934737052
-1.47524704841821
-0.399370535104691
-0.482008144797362
-1.21085004260851
-1.41268633226115
-0.75666627152332
-1.21209018610534
-1.4211181646066
-1.90300961777086
-1.66768873380583
-0.677228389291342
-1.06982910873573
-1.42997003391765
-0.970900740149227
-1.33241451964468
-0.385617488954951
-0.9762614952475
-1.0116299628514
-1.19323108470769
-1.49679288090374
-0.284154057531587
-0.337672869420009
-0.923502881749985
-1.90661591969789
-1.26826127946592
-1.35706544011138
-1.30401809995741
-0.940622079083841
-1.64805231395025
-0.888511597202694
-1.41038565413598
-1.56405590683488
-1.2933959319818
-0.846088750488791
-1.12951781558595
-1.1582091929103
-1.66272115122297
-0.282978807382826
-1.07533991906894
-1.44277290757994
-1.07408276889674
-1.07506715243348
-0.641249517215162
-1.3271242903687
-0.195865110974747
-0.364996171854295
-0.295524444485398
-1.09617496695642
-0.449303827829492
-0.727724936141827
-0.458373058772403
-1.09971325300229
0.0340061997259993
-0.510992250771662
-0.723240021308387
-1.1594590507304
-0.477641828106869
0.126325776368022
-0.841797732608087
-0.0200458369128148
0.69663016741279
0.142978654778578
-0.0349777084632479
0.781693186701533
0.655624448724161
0.296315875171033
0.412776859183677
1.72781006933065
0.467373719972197
0.775508598521912
1.12192728241708
0.858111693187803
0.837507567751724
1.11277082810245
0.935846177958729
-0.0244304830230576
1.62237285434945
1.50560548981816
0.368857198313743
1.27830870178189
0.981334113306256
0.377788844554479
1.18599494426228
1.0996039346682
0.941181116442631
0.349599619882344
1.87191242635015
1.4473138336077
0.371520766541165
1.69255138468649
1.63955981830408
0.591040866071058
1.2443610361389
1.14418818362952
0.556007264320942
1.1882798410639
1.42994916489521
0.672828915055005
0.864221367131724
1.23107514148843
1.49850218976175
0.715157032612742
2.46070174244358
1.58634288722757
0.803215232918052
1.72059383446795
1.52891085751592
0.697970406604549
1.59921859677805
2.0000019723255
1.78378707113857
1.13343607441125
1.92112905927354
2.03019028930473
1.25879085075657
1.41577030982684
1.78052279101196
1.51982231696154
1.01243322497867
1.4460294788748
1.73149015013787
1.03233168110614
1.80069570810716
1.8719567699572
