0.637140308373583
-0.725759624880571
-1.02675428838244
1.26609668640918
0.116352128161041
-0.956267807744816
-0.0799874305147006
0.581060497056041
-0.00924141797454703
-1.96080417811527
-0.873889431300311
1.62931365845819
0.230879920526969
-1.40383473970353
1.17290419975212
0.234338860452634
-0.229492070707649
-1.73863119101695
1.26973041404303
0.0412803502449036
-1.46992949416716
-0.376042700490668
1.30445442064581
-0.39152972335508
-1.5944309842812
1.01601931035323
0.315201585687666
-1.17408304422537
-0.232913471023896
1.10982719380919
-0.212365158714332
-1.63514994139424
0.889124070126538
0.439829747331979
-0.326208659074516
-0.722613706332189
0.940578195673807
0.221292575603132
-0.662745495847113
-0.937212452897474
0.795364397275313
-0.0892360083948477
-1.64760239829056
2.00892687465563
-0.0865630399403818
-1.86672762055941
0.408728921534459
0.207580794347351
-0.325974108344933
-1.25256435806421
1.03921636208466
-0.275609223903323
-1.75325138280201
-2.87584532606607
-1.05005330096158
0.770910606490236
1.50063642448446
1.39335585037706
1.04942295485067
0.218906807661617
0.548841442800651
-0.398940042264367
-1.51125938792227
-1.64016249141966
-0.843293076542645
0.897082099098912
1.31548321897635
1.11446028261906
-1.59334569219565
-2.41330081223945
0.214583173064374
0.521169403010569
1.23181362092321
1.28657451387837
0.868677653536544
0.317823441905717
-0.683047806200371
-0.607793103079265
0.738900226900693
0.279676197110399
-0.0884963042837482
-0.0157553259431602
-0.852070229506136
-0.82105238055876
1.16139096994557
0.095452182246791
-0.612516269761593
-0.260330963323824
0.569439195475458
-0.162035103116625
-1.62994616789585
-0.962901849416019
1.28102953644649
1.16638221596459
-0.608734908270144
-0.323516635943486
0.204205670586793
0.156091969000239
-1.17143650242998
0.727349299627644
0.0509858428296779
-0.652364071601785
0.176579462614718
0.413444018727814
-0.295651605746979
-1.37345728799426
0.904845185273369
0.294399696637156
-0.831936114119895
-0.719264655187986
1.36350224350089
-0.0526787594202239
-1.4028805412364
0.0800089453124315
1.15671549336745
0.412801306372215
-1.44751653819203
0.343040083280254
0.511337240808865
-0.309888483442223
-1.48551871259441
1.25673693456588
0.347816733703425
-1.92571391979142
-1.95795519325793
-1.99369739540534
1.68191577794995
1.30671554539684
0.525980913553826
0.839341353782904
1.03082044610393
0.724395478137672
0.324993950835364
0.667100883938523
-0.613520722092126
-1.66167158162347
1.12504610216778
1.04142455931904
-0.37754839586547
-1.07585113185189
1.32167657946585
0.347241528015544
0.00541278311803892
-1.39854406855744
-0.369298087670051
1.17496433278952
0.515858986866202
0.205969053445845
0.582129025598044
-1.0105293288105
0.98257508600394
0.823744107354276
0.17016815907814
-1.58916581909811
-0.648921266767472
0.774269483575642
1.02379598497646
-0.269132124860498
-1.96534454815504
0.928032999479936
1.25847369089544
-0.118051121825988
-0.00530407648782886
-1.39675246376594
0.888993963259558
0.255722708116599
-0.21554906230311
-0.0799562779810826
0.915916934854113
0.258841953962914
-0.67974333235939
-1.2400437973098
1.17773518352508
-0.166943051719278
-0.855083876329854
-0.0808156786036628
0.633407615231798
0.293533622316817
-1.91808890099933
1.04480554068716
1.09352833787514
0.249072763159603
-1.15652022448998
0.948850221606865
0.906611132312465
0.109209290800466
-1.22135887771468
0.0125710836699444
0.683367059917548
-0.201182137233697
-1.3097300485933
0.849095805819514
0.612868358043342
-1.72752942035091
-0.286830874532236
1.48761645614465
0.017155055981201
-1.69622155620801
1.07373709870199
0.662695341587149
-0.962833060370878
0.267709873930166
1.67768740777337
-0.777127855112042
0.51903238407839
0.84891160051053
-0.114413034200872
-0.904525148893811
1.32093058363659
0.53355990387604
-1.1852567464467
1.62532654768043
0.454727724996608
-1.49995449215625
1.44551958872027
0.532706170297281
-1.42218894390782
0.740329467469611
0.794269546313608
-0.414867297341005
-0.136463485919569
1.17987632036424
-0.559125287582849
-1.30205258314698
1.52081985406755
0.57761874470848
-1.45845724869279
1.5114227043192
0.650177549265299
-1.02337337205021
1.00498560440132
0.450603997543214
-0.724291572966485
-0.0481777777424329
0.820623778936948
-0.117079960361572
-1.12305510196986
1.16265155205633
-0.165637083815067
-1.78926483213318
1.22209751212116
1.33415236497237
-0.853117437901123
0.227196276988849
1.26962934801073
0.198384531323428
-1.30161047022513
1.33524872247141
0.525850749483882
-1.31097861840941
0.515861578920986
0.921826414115018
-0.106308349739735
-1.34493835360921
1.0672237499869
0.728538610502489
-0.876418243370022
0.911126838991337
0.482084008851104
-0.284687245690467
