0.637140308373584
-0.725759624880566
-1.02675428838244
1.26609668640919
0.116352128161041
-0.95626780774482
-0.0799874305147005
0.581060497056043
-0.00924141797454716
-1.96080417811526
-0.873889431300319
1.62931365845819
0.23087992052697
-1.40383473970353
1.17290419975212
0.234338860452633
-0.229492070707654
-1.73863119101696
1.26973041404303
0.0412803502449036
-1.46992949416717
-0.376042700490669
1.30445442064581
-0.391529723355082
-1.59443098428121
1.01601931035325
0.315201585687669
-1.17408304422537
-0.232913471023896
1.10982719380919
-0.212365158714335
-1.63514994139423
0.889124070126544
0.439829747331982
-0.326208659074514
-0.722613706332184
0.940578195673802
0.221292575603133
-0.662745495847115
-0.937212452897484
0.795364397275313
-0.0892360083948472
-1.64760239829055
2.00892687465561
-0.0865630399403808
-1.86672762055941
0.408728921534462
0.207580794347351
-0.325974108344934
-1.25256435806422
1.03921636208466
-0.275609223903324
-1.75325138280203
-2.87584532606609
-1.05005330096156
0.77091060649024
1.50063642448447
1.39335585037706
1.04942295485067
0.218906807661616
0.548841442800648
-0.398940042264364
-1.51125938792227
-1.64016249141966
-0.843293076542649
0.897082099098919
1.31548321897635
1.11446028261906
-1.59334569219564
-2.41330081223945
0.214583173064375
0.521169403010569
1.23181362092322
1.28657451387837
0.868677653536544
0.317823441905716
-0.683047806200369
-0.607793103079261
0.738900226900695
0.279676197110402
-0.0884963042837476
-0.0157553259431611
-0.852070229506136
-0.821052380558768
1.16139096994558
0.0954521822467912
-0.612516269761589
-0.260330963323824
0.569439195475457
-0.162035103116626
-1.62994616789583
-0.962901849416024
1.28102953644649
1.16638221596457
-0.608734908270138
-0.32351663594349
0.204205670586793
0.15609196900024
-1.17143650242998
0.727349299627642
0.0509858428296779
-0.65236407160179
0.176579462614719
0.413444018727819
-0.29565160574698
-1.37345728799425
0.904845185273372
0.294399696637157
-0.831936114119892
-0.719264655187992
1.36350224350088
-0.052678759420225
-1.4028805412364
0.0800089453124316
1.15671549336744
0.412801306372218
-1.44751653819203
0.343040083280252
0.511337240808864
-0.30988848344222
-1.4855187125944
1.25673693456587
0.347816733703424
-1.92571391979141
-1.95795519325793
-1.99369739540534
1.68191577794995
1.30671554539685
0.525980913553829
0.839341353782893
1.03082044610393
0.724395478137669
0.324993950835368
0.667100883938524
-0.613520722092129
-1.66167158162347
1.12504610216778
1.04142455931904
-0.37754839586547
-1.07585113185188
1.32167657946585
0.347241528015543
0.00541278311803885
-1.39854406855744
-0.369298087670051
1.17496433278951
0.515858986866204
0.205969053445845
0.582129025598039
-1.01052932881049
0.982575086003944
0.823744107354274
0.170168159078141
-1.58916581909813
-0.648921266767467
0.774269483575644
1.02379598497646
-0.269132124860501
-1.965344548155
0.928032999479932
1.25847369089543
-0.118051121825988
-0.00530407648782883
-1.39675246376594
0.888993963259564
0.255722708116598
-0.21554906230311
-0.079956277981084
0.915916934854114
0.258841953962913
-0.679743332359385
-1.24004379730981
1.17773518352507
-0.166943051719278
-0.855083876329863
-0.0808156786036636
0.633407615231799
0.293533622316817
-1.91808890099935
1.04480554068716
1.09352833787515
0.249072763159604
-1.15652022448999
0.948850221606873
0.906611132312457
0.109209290800464
-1.22135887771468
0.0125710836699444
0.68336705991755
-0.201182137233694
-1.30973004859331
0.849095805819521
0.612868358043341
-1.7275294203509
-0.286830874532232
1.48761645614464
0.0171550559812013
-1.69622155620801
1.07373709870199
0.662695341587151
-0.962833060370866
0.267709873930167
1.67768740777336
-0.777127855112041
0.519032384078392
0.848911600510531
-0.114413034200872
-0.904525148893806
1.32093058363659
0.53355990387604
-1.18525674644671
1.62532654768042
0.454727724996608
-1.49995449215624
1.44551958872028
0.532706170297284
-1.42218894390783
0.740329467469603
0.794269546313608
-0.414867297341003
-0.136463485919569
1.17987632036423
-0.559125287582841
-1.30205258314698
1.52081985406756
0.577618744708487
-1.4584572486928
1.51142270431921
0.650177549265297
-1.02337337205022
1.00498560440131
0.450603997543215
-0.72429157296649
-0.0481777777424334
0.820623778936953
-0.117079960361571
-1.12305510196988
1.16265155205634
-0.165637083815068
-1.7892648321332
1.22209751212116
1.33415236497237
-0.853117437901121
0.227196276988848
1.26962934801073
0.198384531323432
-1.30161047022512
1.33524872247142
0.525850749483887
-1.31097861840942
0.515861578920984
0.921826414115017
-0.106308349739735
-1.34493835360921
1.06722374998691
0.728538610502489
-0.876418243370023
0.911126838991338
0.482084008851103
-0.28468724569047
