-0.637140308373588	0.637140308373585	-0.637140308373584	0.637140308373583	0.63714030837359	-0.637140308373584	0.637140308373583	-0.637140308373586	0.637140308373581	-0.637140308373575	0.63714030837359	-0.637140308373582	0.637140308373586	-0.637140308373589	0.637140308373584	-0.637140308373585	-0.115767107139004	-0.637140308373586	1.36242824061587	-1.12621871355201	1.18579648652846
0.725759624880563	-0.725759624880575	0.725759624880574	-0.725759624880547	-0.725759624880561	0.725759624880566	-0.725759624880571	0.725759624880568	-0.725759624880575	0.725759624880528	-0.725759624880561	0.725759624880572	-0.72575962488055	0.725759624880567	-0.725759624880566	0.725759624880566	0.689002787567269	0.725759624880569	1.39651498909261	-0.953815017470567	1.39797424734369
1.02675428838244	-1.02675428838245	1.02675428838245	-1.02675428838238	-1.02675428838242	1.02675428838243	-1.02675428838244	1.02675428838241	-1.02675428838245	1.02675428838251	-1.02675428838243	1.02675428838245	-1.02675428838244	1.02675428838243	-1.02675428838244	1.02675428838243	1.14675232364916	1.02675428838244	1.20051297948865	0.569282045822623	0.14726256801972
-1.26609668640918	1.26609668640918	-1.26609668640919	1.2660966864091	1.26609668640919	-1.26609668640918	1.26609668640918	-1.2660966864092	1.26609668640919	-1.2660966864091	1.26609668640919	-1.2660966864092	1.26609668640918	-1.26609668640919	1.26609668640919	-1.26609668640919	-0.317337901933735	-1.26609668640919	1.33441035991498	-0.595212200969465	0.612436143734788
-0.116352128161041	0.11635212816104	-0.116352128161041	0.116352128161047	0.116352128161041	-0.116352128161042	0.116352128161041	-0.116352128161038	0.116352128161042	-0.116352128161061	0.11635212816104	-0.11635212816104	0.116352128161041	-0.116352128161041	0.116352128161041	-0.116352128161041	-0.052828674924809	-0.116352128161041	1.38536946693598	-1.08210875719891	1.78170017857242
0.956267807744806	-0.956267807744821	0.956267807744815	-0.956267807744793	-0.956267807744817	0.95626780774481	-0.956267807744816	0.956267807744805	-0.956267807744811	0.956267807744768	-0.956267807744813	0.956267807744812	-0.956267807744795	0.956267807744814	-0.95626780774482	0.956267807744813	1.01390166103281	0.956267807744815	1.33862593347757	-1.04922065538635	1.4681253769847
0.0799874305146996	-0.0799874305147012	0.0799874305147007	-0.0799874305146992	-0.0799874305147005	0.0799874305147018	-0.0799874305147006	0.079987430514702	-0.0799874305147008	0.0799874305146982	-0.0799874305146993	0.0799874305147014	-0.079987430514698	0.0799874305147001	-0.0799874305147005	0.0799874305146999	-0.16228846022136	0.0799874305147003	1.43534171019277	-0.307156807906214	0.747326739501132
-0.581060497056042	0.581060497056038	-0.581060497056041	0.581060497056038	0.581060497056044	-0.581060497056044	0.581060497056041	-0.58106049705603	0.581060497056043	-0.58106049705602	0.58106049705604	-0.581060497056042	0.581060497056043	-0.581060497056042	0.581060497056043	-0.581060497056041	-0.560135875225218	-0.581060497056041	1.19327610074638	-0.440024846287429	0.0051510303979307
0.00924141797454692	-0.009241417974547	0.00924141797454721	-0.00924141797454845	-0.00924141797454791	0.00924141797454739	-0.00924141797454703	0.00924141797454817	-0.00924141797454674	0.00924141797453646	-0.00924141797454715	0.00924141797454747	-0.0092414179745468	0.00924141797454716	-0.00924141797454716	0.00924141797454703	0.0911229535693621	0.00924141797454706	1.41526860214415	-0.858707123350285	1.28582654387417
1.96080417811526	-1.96080417811527	1.96080417811527	-1.96080417811522	-1.96080417811525	1.96080417811527	-1.96080417811527	1.96080417811528	-1.96080417811528	1.96080417811566	-1.96080417811526	1.96080417811528	-1.96080417811527	1.96080417811526	-1.96080417811526	1.96080417811528	1.95045797310689	1.96080417811527	1.37049013858633	0.516356419074508	0.197852838262437
0.87388943130032	-0.873889431300321	0.873889431300319	-0.873889431300227	-0.873889431300314	0.873889431300315	-0.873889431300311	0.873889431300329	-0.873889431300311	0.873889431300291	-0.873889431300313	0.87388943130032	-0.873889431300324	0.873889431300319	-0.873889431300319	0.873889431300316	1.38862255259272	0.87388943130032	1.53902807473461	2.45961579457626	0.0505535452107177
-1.6293136584582	1.62931365845822	-1.62931365845822	1.62931365845813	1.6293136584582	-1.62931365845821	1.62931365845819	-1.62931365845819	1.62931365845821	-1.62931365845785	1.62931365845818	-1.62931365845819	1.6293136584582	-1.6293136584582	1.62931365845819	-1.62931365845819	0.592318071600907	-1.6293136584582	1.98051663733417	2.44255151767115	0.192876548077059
-0.23087992052697	0.230879920526971	-0.23087992052697	0.230879920526979	0.230879920526972	-0.230879920526969	0.230879920526969	-0.230879920526969	0.23087992052697	-0.230879920526916	0.230879920526971	-0.230879920526969	0.230879920526968	-0.23087992052697	0.23087992052697	-0.23087992052697	0.668399862060805	-0.23087992052697	1.8760831802709	1.52209798253801	0.128963259339222
1.40383473970353	-1.40383473970352	1.40383473970351	-1.4038347397036	-1.40383473970353	1.40383473970353	-1.40383473970353	1.40383473970354	-1.40383473970353	1.4038347397036	-1.40383473970353	1.40383473970353	-1.40383473970354	1.40383473970352	-1.40383473970353	1.40383473970353	2.58629955503678	1.40383473970352	1.63127852229355	1.14363079415492	0.0891074654865592
-1.17290419975213	1.17290419975212	-1.17290419975212	1.1729041997521	1.17290419975213	-1.17290419975211	1.17290419975212	-1.17290419975213	1.17290419975211	-1.17290419975196	1.17290419975213	-1.17290419975212	1.17290419975212	-1.17290419975213	1.17290419975212	-1.17290419975212	0.106815939017062	-1.17290419975212	1.80172514117522	1.61645449378247	-0.436130412098919
-0.234338860452632	0.234338860452634	-0.234338860452635	0.23433886045264	0.234338860452631	-0.234338860452632	0.234338860452634	-0.234338860452625	0.234338860452635	-0.234338860452662	0.234338860452633	-0.234338860452631	0.234338860452631	-0.234338860452633	0.234338860452633	-0.234338860452632	0.30240994866597	-0.234338860452633	1.88767651881662	0.541583737857163	0.850284043591572
0.229492070707653	-0.229492070707652	0.229492070707654	-0.229492070707619	-0.229492070707656	0.229492070707654	-0.229492070707649	0.229492070707645	-0.229492070707657	0.229492070707665	-0.229492070707657	0.229492070707653	-0.229492070707648	0.229492070707655	-0.229492070707654	0.229492070707653	0.664692340075063	0.229492070707653	1.71039368402259	1.04327109092414	0.0153226631683243
1.73863119101697	-1.73863119101697	1.73863119101696	-1.73863119101692	-1.73863119101695	1.73863119101696	-1.73863119101695	1.73863119101695	-1.73863119101697	1.73863119101684	-1.73863119101696	1.73863119101696	-1.73863119101698	1.73863119101696	-1.73863119101696	1.73863119101696	2.06271692444861	1.73863119101696	1.53542816463923	1.28850080068351	0.109792744395847
-1.26973041404303	1.26973041404303	-1.26973041404303	1.2697304140429	1.26973041404305	-1.26973041404304	1.26973041404303	-1.26973041404302	1.26973041404303	-1.26973041404297	1.26973041404303	-1.26973041404304	1.26973041404303	-1.26973041404303	1.26973041404303	-1.26973041404303	0.411920079923066	-1.26973041404303	1.7427169893332	1.07161273521791	-0.757443634504297
-0.0412803502449035	0.0412803502449038	-0.0412803502449036	0.0412803502449026	0.0412803502449024	-0.0412803502449031	0.0412803502449036	-0.0412803502449025	0.0412803502449042	-0.0412803502449137	0.0412803502449034	-0.0412803502449034	0.0412803502449041	-0.0412803502449033	0.0412803502449036	-0.0412803502449036	0.286466523157876	-0.0412803502449035	1.71820895782961	-0.330356847390276	0.47440204300421
1.46992949416716	-1.46992949416716	1.46992949416716	-1.4699294941671	-1.46992949416716	1.46992949416718	-1.46992949416716	1.46992949416718	-1.46992949416718	1.46992949416726	-1.46992949416717	1.46992949416716	-1.46992949416719	1.46992949416716	-1.46992949416717	1.46992949416717	1.83062218604051	1.46992949416717	1.60371657313317	0.32899310202998	0.161859032293559
0.376042700490668	-0.37604270049067	0.37604270049067	-0.376042700490649	-0.376042700490669	0.376042700490667	-0.376042700490668	0.376042700490673	-0.376042700490666	0.376042700490684	-0.376042700490671	0.376042700490666	-0.376042700490661	0.37604270049067	-0.376042700490669	0.376042700490671	0.652380744072707	0.376042700490669	1.50273754996698	1.26322019289495	-1.08711812932237
-1.3044544206458	1.30445442064582	-1.30445442064582	1.30445442064574	1.30445442064581	-1.30445442064582	1.30445442064581	-1.30445442064578	1.30445442064582	-1.30445442064581	1.30445442064582	-1.30445442064581	1.3044544206458	-1.30445442064581	1.30445442064581	-1.30445442064582	-0.817363923803428	-1.30445442064581	1.8529463701868	0.832289226930075	-0.261203406713862
0.391529723355079	-0.391529723355081	0.391529723355083	-0.391529723355097	-0.391529723355085	0.391529723355081	-0.39152972335508	0.39152972335507	-0.391529723355084	0.391529723355111	-0.391529723355082	0.391529723355079	-0.391529723355085	0.391529723355081	-0.391529723355082	0.391529723355084	0.72981848164385	0.39152972335508	1.66063236060179	0.196877757329404	0.57649162107782
1.59443098428122	-1.59443098428121	1.5944309842812	-1.59443098428115	-1.59443098428121	1.59443098428121	-1.5944309842812	1.59443098428118	-1.59443098428123	1.59443098428129	-1.59443098428121	1.59443098428121	-1.59443098428123	1.59443098428121	-1.59443098428121	1.59443098428122	1.34209600297526	1.59443098428121	1.47071708233013	1.02333654154668	-0.307162387453904
-1.01601931035325	1.01601931035324	-1.01601931035324	1.01601931035305	1.01601931035325	-1.01601931035324	1.01601931035323	-1.01601931035325	1.01601931035325	-1.01601931035327	1.01601931035324	-1.01601931035324	1.01601931035325	-1.01601931035325	1.01601931035325	-1.01601931035325	0.361570083272518	-1.01601931035324	1.75276087561771	1.18493409869234	-1.05330549483057
-0.31520158568767	0.315201585687668	-0.315201585687668	0.315201585687649	0.315201585687672	-0.31520158568767	0.315201585687666	-0.315201585687664	0.31520158568767	-0.315201585687648	0.315201585687668	-0.315201585687668	0.315201585687667	-0.315201585687669	0.315201585687669	-0.315201585687669	0.264250629331393	-0.315201585687669	1.83662970910478	0.103488330911356	0.45989195749849
1.17408304422537	-1.17408304422537	1.17408304422537	-1.17408304422536	-1.17408304422538	1.17408304422537	-1.17408304422537	1.17408304422538	-1.17408304422537	1.1740830442253	-1.17408304422537	1.17408304422538	-1.17408304422538	1.17408304422537	-1.17408304422537	1.17408304422536	1.05265236556096	1.17408304422537	1.71742289516344	0.418954710577174	0.349597454410526
0.232913471023896	-0.232913471023895	0.232913471023897	-0.232913471023897	-0.232913471023893	0.232913471023894	-0.232913471023896	0.232913471023887	-0.232913471023897	0.232913471023889	-0.232913471023895	0.232913471023896	-0.232913471023892	0.232913471023896	-0.232913471023896	0.232913471023893	0.860402528319099	0.232913471023895	1.69251847916202	1.19180926069054	-0.42976402676664
-1.1098271938092	1.10982719380919	-1.10982719380919	1.10982719380915	1.10982719380919	-1.10982719380918	1.10982719380919	-1.10982719380918	1.10982719380919	-1.10982719380921	1.1098271938092	-1.10982719380919	1.1098271938092	-1.10982719380919	1.10982719380919	-1.10982719380918	-0.174776856555173	-1.10982719380919	1.86081172801958	0.580294971576765	0.385853509112695
0.212365158714332	-0.212365158714335	0.212365158714332	-0.212365158714314	-0.21236515871434	0.212365158714339	-0.212365158714332	0.212365158714335	-0.212365158714334	0.212365158714354	-0.212365158714333	0.212365158714332	-0.212365158714335	0.212365158714335	-0.212365158714335	0.212365158714334	1.01644072735982	0.212365158714334	1.81508295197653	-0.1071259635489	0.769094942207174
1.63514994139424	-1.63514994139424	1.63514994139424	-1.63514994139417	-1.63514994139424	1.63514994139424	-1.63514994139424	1.63514994139424	-1.63514994139424	1.6351499413945	-1.63514994139426	1.63514994139423	-1.63514994139424	1.63514994139424	-1.63514994139423	1.63514994139424	1.7681238825198	1.63514994139424	1.43417284432508	1.04391485021602	-0.19670215262732
-0.889124070126544	0.889124070126557	-0.889124070126542	0.889124070126418	0.889124070126546	-0.88912407012655	0.889124070126538	-0.889124070126527	0.889124070126542	-0.8891240701265	0.889124070126538	-0.889124070126545	0.889124070126561	-0.889124070126538	0.889124070126544	-0.889124070126539	-0.427085614769737	-0.889124070126543	1.70102670562511	1.26676635395789	-0.917636636145431
-0.439829747331978	0.439829747331976	-0.43982974733198	0.439829747331965	0.439829747331982	-0.439829747331982	0.439829747331979	-0.439829747331984	0.439829747331976	-0.439829747331956	0.43982974733198	-0.439829747331981	0.439829747331972	-0.43982974733198	0.439829747331982	-0.439829747331979	0.188902142754895	-0.439829747331979	1.76083072235811	0.308287972266732	0.31244056179797
0.326208659074513	-0.326208659074512	0.326208659074516	-0.326208659074503	-0.326208659074512	0.326208659074515	-0.326208659074516	0.326208659074503	-0.326208659074518	0.326208659074596	-0.326208659074515	0.326208659074516	-0.326208659074509	0.326208659074515	-0.326208659074514	0.326208659074515	0.756059665517298	0.326208659074514	1.67623531433469	0.489072862663029	0.400085020083064
0.722613706332186	-0.722613706332185	0.722613706332182	-0.722613706332225	-0.722613706332194	0.722613706332185	-0.722613706332189	0.722613706332191	-0.722613706332183	0.722613706332203	-0.722613706332195	0.722613706332187	-0.72261370633218	0.722613706332189	-0.722613706332184	0.722613706332187	1.27620160262552	0.722613706332187	1.67817062130257	1.00748715578793	-0.0519966013767688
-0.940578195673806	0.940578195673805	-0.940578195673804	0.940578195673823	0.940578195673792	-0.940578195673802	0.940578195673807	-0.940578195673804	0.940578195673808	-0.940578195673795	0.940578195673806	-0.940578195673815	0.940578195673814	-0.940578195673806	0.940578195673802	-0.940578195673809	-0.657380296650786	-0.940578195673808	1.46389510751461	1.38136493956717	-1.08216111770235
-0.221292575603133	0.22129257560313	-0.221292575603133	0.221292575603123	0.221292575603131	-0.221292575603133	0.221292575603132	-0.221292575603129	0.221292575603136	-0.22129257560316	0.221292575603133	-0.221292575603135	0.221292575603133	-0.221292575603133	0.221292575603133	-0.221292575603134	-0.085667785056275	-0.221292575603133	1.75316667189321	0.305643608963017	0.649432879159612
0.662745495847119	-0.662745495847116	0.662745495847114	-0.662745495847122	-0.662745495847115	0.662745495847117	-0.662745495847113	0.662745495847112	-0.662745495847113	0.662745495846959	-0.662745495847109	0.662745495847113	-0.662745495847129	0.662745495847112	-0.662745495847115	0.662745495847112	1.24756788000202	0.662745495847116	1.7447470221913	0.275725257397351	0.952179664800073
0.937212452897483	-0.937212452897473	0.937212452897477	-0.937212452897446	-0.937212452897485	0.937212452897474	-0.937212452897474	0.937212452897476	-0.93721245289748	0.937212452897534	-0.937212452897482	0.937212452897479	-0.937212452897491	0.937212452897485	-0.937212452897484	0.937212452897482	1.40211141692297	0.937212452897481	1.40549934692901	1.31178744364443	-0.772709522818081
-0.795364397275311	0.795364397275299	-0.795364397275313	0.795364397275377	0.795364397275312	-0.795364397275315	0.795364397275313	-0.795364397275309	0.795364397275315	-0.795364397275458	0.795364397275308	-0.79536439727531	0.79536439727533	-0.795364397275311	0.795364397275313	-0.795364397275312	-0.0572098501355222	-0.795364397275313	1.63717580940989	0.968056248930169	-0.549865345261317
0.0892360083948472	-0.0892360083948465	0.0892360083948474	-0.0892360083948571	-0.0892360083948486	0.0892360083948473	-0.0892360083948477	0.0892360083948484	-0.089236008394846	0.0892360083948272	-0.0892360083948478	0.0892360083948462	-0.0892360083948465	0.0892360083948472	-0.0892360083948472	0.0892360083948466	-0.0668538667222857	0.0892360083948471	1.69721561669608	0.344457277093141	0.467303319504483
1.64760239829056	-1.64760239829056	1.64760239829056	-1.64760239829064	-1.64760239829056	1.64760239829056	-1.64760239829056	1.64760239829053	-1.64760239829057	1.64760239829046	-1.64760239829055	1.64760239829055	-1.64760239829058	1.64760239829055	-1.64760239829055	1.64760239829056	2.46221132445644	1.64760239829056	1.54305964319293	-0.0339153154347801	0.651820971819653
-2.00892687465562	2.00892687465563	-2.00892687465562	2.00892687465565	2.00892687465562	-2.00892687465561	2.00892687465563	-2.0089268746556	2.00892687465563	-2.00892687465564	2.00892687465562	-2.00892687465564	2.00892687465558	-2.00892687465563	2.00892687465561	-2.00892687465562	-0.949942985414777	-2.00892687465562	1.06157082525499	-1.40633990514154	0.749013257348034
0.0865630399403806	-0.0865630399403807	0.0865630399403806	-0.0865630399403948	-0.086563039940382	0.0865630399403813	-0.0865630399403818	0.0865630399403817	-0.08656303994038	0.0865630399403669	-0.0865630399403804	0.0865630399403809	-0.0865630399403807	0.0865630399403806	-0.0865630399403808	0.0865630399403809	0.103033866206105	0.0865630399403809	1.04352574410009	-2.36328732901247	2.07182384486912
1.86672762055939	-1.86672762055941	1.86672762055942	-1.86672762055958	-1.8667276205594	1.86672762055942	-1.86672762055941	1.8667276205594	-1.86672762055941	1.86672762055945	-1.86672762055941	1.86672762055941	-1.8667276205594	1.86672762055941	-1.86672762055941	1.86672762055941	1.40545063399824	1.86672762055941	0.66439556528802	-1.23926195235451	0.317484416860221
-0.408728921534459	0.408728921534463	-0.408728921534462	0.408728921534446	0.408728921534461	-0.408728921534459	0.408728921534459	-0.408728921534455	0.408728921534462	-0.408728921534441	0.408728921534462	-0.40872892153446	0.408728921534461	-0.408728921534462	0.408728921534462	-0.408728921534458	-0.464465998881683	-0.408728921534461	1.28213080892697	-0.614074554124314	0.0525116511213462
-0.207580794347351	0.207580794347352	-0.207580794347353	0.207580794347354	0.207580794347351	-0.207580794347352	0.207580794347351	-0.207580794347348	0.207580794347354	-0.207580794347349	0.207580794347349	-0.20758079434735	0.207580794347353	-0.20758079434735	0.207580794347351	-0.207580794347351	0.247729811613363	-0.207580794347351	1.49857474796825	-0.972606744373554	0.853250405411319
0.325974108344935	-0.325974108344937	0.325974108344932	-0.325974108344939	-0.325974108344935	0.325974108344932	-0.325974108344933	0.325974108344938	-0.325974108344938	0.325974108344892	-0.325974108344936	0.325974108344935	-0.325974108344943	0.325974108344936	-0.325974108344934	0.325974108344935	0.0131406528008883	0.325974108344936	1.08541043897141	-0.506989426230434	-0.165325072129287
1.25256435806421	-1.25256435806421	1.25256435806422	-1.25256435806421	-1.25256435806423	1.25256435806423	-1.25256435806421	1.2525643580642	-1.2525643580642	1.25256435806421	-1.25256435806421	1.2525643580642	-1.25256435806421	1.25256435806421	-1.25256435806422	1.2525643580642	1.09411124148284	1.25256435806421	1.24939655997677	-0.338728807221249	0.285380854652723
-1.03921636208465	1.03921636208466	-1.03921636208466	1.03921636208463	1.03921636208466	-1.03921636208466	1.03921636208466	-1.03921636208467	1.03921636208466	-1.03921636208472	1.03921636208466	-1.03921636208467	1.03921636208467	-1.03921636208466	1.03921636208466	-1.03921636208466	-0.409616746774147	-1.03921636208466	1.30518630080756	-0.378513576140148	-0.387880753823296
0.275609223903324	-0.275609223903321	0.275609223903322	-0.27560922390336	-0.275609223903322	0.275609223903323	-0.275609223903323	0.275609223903324	-0.275609223903323	0.275609223903278	-0.275609223903326	0.275609223903322	-0.275609223903324	0.275609223903322	-0.275609223903324	0.275609223903324	0.135891188613365	0.275609223903322	1.33702683480136	-1.31995694537346	1.24110605976923
1.75325138280203	-1.75325138280203	1.75325138280202	-1.75325138280185	-1.75325138280203	1.75325138280202	-1.75325138280201	1.75325138280201	-1.75325138280203	1.7532513828018	-1.75325138280202	1.75325138280203	-1.75325138280203	1.75325138280202	-1.75325138280203	1.75325138280201	2.1081102164897	1.75325138280202	1.22724214982059	-0.966493139359501	0.654059073353938
2.87584532606609	-2.87584532606606	2.87584532606606	-2.87584532606616	-2.87584532606606	2.87584532606606	-2.87584532606607	2.87584532606612	-2.87584532606606	2.87584532606594	-2.87584532606609	2.87584532606608	-2.87584532606609	2.87584532606608	-2.87584532606609	2.87584532606608	5.42602603587369	2.87584532606608	0.529735057100086	-0.58609409200409	-0.484436472519085
1.05005330096156	-1.05005330096157	1.05005330096157	-1.05005330096156	-1.05005330096157	1.05005330096157	-1.05005330096158	1.05005330096158	-1.05005330096156	1.05005330096164	-1.05005330096156	1.05005330096156	-1.05005330096156	1.05005330096156	-1.05005330096156	1.05005330096156	1.84345161804569	1.05005330096156	0.608786934981353	0.0991292493200204	-0.527631873476539
-0.77091060649024	0.770910606490236	-0.770910606490242	0.770910606490222	0.770910606490242	-0.770910606490247	0.770910606490236	-0.770910606490248	0.770910606490237	-0.770910606490236	0.77091060649024	-0.770910606490239	0.770910606490241	-0.770910606490241	0.77091060649024	-0.770910606490235	0.296380685046464	-0.770910606490239	1.51738179017909	-1.21586655691928	1.27812389255237
-1.50063642448446	1.50063642448446	-1.50063642448446	1.50063642448455	1.50063642448447	-1.50063642448446	1.50063642448446	-1.50063642448442	1.50063642448447	-1.50063642448452	1.50063642448447	-1.50063642448446	1.50063642448447	-1.50063642448446	1.50063642448447	-1.50063642448446	-0.5324250906875	-1.50063642448446	1.24778088723428	-1.83756273955667	1.42201663523186
-1.39335585037705	1.39335585037706	-1.39335585037706	1.39335585037711	1.39335585037706	-1.39335585037707	1.39335585037706	-1.39335585037706	1.39335585037706	-1.39335585037694	1.39335585037705	-1.39335585037706	1.39335585037704	-1.39335585037706	1.39335585037706	-1.39335585037706	-0.444981875082912	-1.39335585037706	1.14494100898377	-1.63025594704235	1.15425750603179
-1.04942295485067	1.04942295485068	-1.04942295485068	1.04942295485067	1.04942295485067	-1.04942295485068	1.04942295485067	-1.04942295485065	1.04942295485068	-1.04942295485056	1.04942295485066	-1.04942295485067	1.04942295485068	-1.04942295485066	1.04942295485067	-1.04942295485067	-0.8599069697758	-1.04942295485067	1.00218476852085	-1.61813621804348	1.12264209923001
-0.218906807661616	0.218906807661618	-0.218906807661615	0.218906807661624	0.218906807661614	-0.218906807661614	0.218906807661617	-0.21890680766162	0.218906807661615	-0.21890680766163	0.218906807661616	-0.218906807661617	0.218906807661618	-0.218906807661615	0.218906807661616	-0.218906807661617	0.356638079169985	-0.218906807661616	0.947250775111769	-1.51901496924296	0.606932814919703
-0.548841442800652	0.548841442800655	-0.54884144280065	0.548841442800635	0.548841442800645	-0.548841442800647	0.548841442800651	-0.548841442800649	0.548841442800645	-0.548841442800526	0.54884144280065	-0.548841442800656	0.548841442800647	-0.548841442800651	0.548841442800648	-0.548841442800649	-0.745010459229986	-0.54884144280065	0.710104474351048	-0.818015101503002	-0.833028472455603
0.398940042264369	-0.398940042264366	0.398940042264368	-0.398940042264359	-0.398940042264366	0.398940042264364	-0.398940042264367	0.398940042264367	-0.398940042264366	0.398940042264303	-0.398940042264369	0.398940042264369	-0.398940042264364	0.398940042264367	-0.398940042264364	0.398940042264367	0.136558788588353	0.398940042264366	0.911579191631873	-1.67524992008304	0.633900057026316
1.51125938792228	-1.51125938792225	1.51125938792227	-1.51125938792225	-1.51125938792227	1.51125938792227	-1.51125938792227	1.51125938792229	-1.51125938792226	1.51125938792235	-1.51125938792228	1.51125938792226	-1.51125938792228	1.51125938792227	-1.51125938792227	1.51125938792227	1.76454907591293	1.51125938792227	0.849687583754144	-0.975267817704557	-0.316432998302965
1.64016249141966	-1.64016249141966	1.64016249141966	-1.64016249141975	-1.64016249141965	1.64016249141965	-1.64016249141966	1.64016249141963	-1.64016249141966	1.64016249141957	-1.64016249141966	1.64016249141967	-1.64016249141965	1.64016249141966	-1.64016249141966	1.64016249141965	1.92268831670458	1.64016249141966	0.630383357163576	-1.10389338032204	-0.510072019347611
0.843293076542639	-0.843293076542645	0.843293076542648	-0.843293076542632	-0.843293076542646	0.843293076542642	-0.843293076542645	0.843293076542638	-0.843293076542643	0.843293076542586	-0.843293076542649	0.843293076542649	-0.843293076542624	0.843293076542647	-0.843293076542649	0.843293076542641	1.41237891968411	0.843293076542643	0.678249058545991	-1.42493754441322	-0.512876132632197
-0.897082099098914	0.897082099098912	-0.897082099098921	0.897082099098902	0.89708209909892	-0.897082099098925	0.897082099098912	-0.897082099098915	0.897082099098918	-0.89708209909898	0.897082099098919	-0.897082099098908	0.897082099098917	-0.897082099098916	0.897082099098919	-0.89708209909892	-0.338365402490201	-0.897082099098918	0.932916747183956	-1.91381965597214	0.609758738020734
-1.31548321897634	1.31548321897632	-1.31548321897634	1.31548321897638	1.31548321897634	-1.31548321897634	1.31548321897635	-1.31548321897638	1.31548321897633	-1.31548321897634	1.31548321897635	-1.31548321897634	1.31548321897633	-1.31548321897634	1.31548321897635	-1.31548321897634	-0.777702904463104	-1.31548321897634	1.02503199519985	-2.08077760314156	1.21158180037999
-1.11446028261907	1.11446028261907	-1.11446028261906	1.11446028261909	1.11446028261905	-1.11446028261907	1.11446028261906	-1.11446028261903	1.11446028261908	-1.11446028261901	1.11446028261905	-1.11446028261906	1.11446028261908	-1.11446028261906	1.11446028261906	-1.11446028261906	-0.760338226404208	-1.11446028261906	1.01168173240797	-1.8912811870797	1.3350509106341
1.59334569219564	-1.59334569219566	1.59334569219566	-1.59334569219565	-1.59334569219564	1.59334569219565	-1.59334569219565	1.59334569219558	-1.59334569219567	1.59334569219589	-1.59334569219564	1.59334569219564	-1.59334569219564	1.59334569219564	-1.59334569219564	1.59334569219565	1.23396166186634	1.59334569219565	0.585385913509877	-1.30683739057798	0.445985393238783
2.41330081223943	-2.41330081223946	2.41330081223944	-2.41330081223939	-2.41330081223946	2.41330081223945	-2.41330081223945	2.41330081223948	-2.41330081223942	2.41330081223959	-2.41330081223945	2.41330081223942	-2.41330081223943	2.41330081223945	-2.41330081223945	2.41330081223945	2.73479352545887	2.41330081223944	0.240409650082488	0.275724372880886	-1.19326077878947
-0.214583173064374	0.214583173064373	-0.214583173064374	0.214583173064381	0.214583173064373	-0.214583173064372	0.214583173064374	-0.21458317306437	0.214583173064375	-0.214583173064416	0.214583173064373	-0.214583173064371	0.214583173064375	-0.214583173064374	0.214583173064375	-0.214583173064373	0.419867599849156	-0.214583173064374	0.63775679491925	-0.555197368457459	-1.18134130040915
-0.521169403010569	0.521169403010565	-0.521169403010569	0.521169403010557	0.521169403010567	-0.521169403010568	0.521169403010569	-0.521169403010568	0.521169403010566	-0.521169403010584	0.521169403010568	-0.52116940301057	0.521169403010563	-0.521169403010571	0.521169403010569	-0.521169403010569	0.176823754517681	-0.521169403010569	0.505811365578301	-1.46041039986245	-0.305507619731096
-1.23181362092321	1.23181362092321	-1.23181362092321	1.23181362092315	1.23181362092322	-1.23181362092322	1.23181362092321	-1.2318136209232	1.23181362092321	-1.23181362092347	1.23181362092321	-1.23181362092321	1.23181362092322	-1.23181362092321	1.23181362092322	-1.2318136209232	-0.493299968491305	-1.23181362092321	0.603403571943562	-1.69478709073292	0.0461760434955351
-1.28657451387837	1.28657451387837	-1.28657451387837	1.28657451387822	1.28657451387839	-1.28657451387837	1.28657451387837	-1.2865745138784	1.28657451387836	-1.28657451387838	1.28657451387837	-1.28657451387837	1.28657451387836	-1.28657451387838	1.28657451387837	-1.28657451387838	-0.991728925350766	-1.28657451387837	0.7409793855396	-2.05857336639229	1.26913237898715
-0.86867765353655	0.868677653536539	-0.86867765353655	0.868677653536525	0.868677653536534	-0.868677653536542	0.868677653536544	-0.868677653536543	0.868677653536541	-0.868677653536578	0.86867765353655	-0.868677653536547	0.868677653536543	-0.868677653536549	0.868677653536544	-0.868677653536547	-1.38845982824328	-0.868677653536544	0.511753947939152	-1.8061105869283	0.646411538681307
-0.317823441905718	0.317823441905716	-0.317823441905714	0.317823441905714	0.317823441905714	-0.317823441905714	0.317823441905717	-0.317823441905714	0.317823441905716	-0.317823441905711	0.317823441905715	-0.317823441905715	0.317823441905716	-0.317823441905715	0.317823441905716	-0.317823441905717	-0.626607247016298	-0.317823441905715	0.263586924210667	-1.59667071365326	-0.152882696703588
0.683047806200371	-0.683047806200379	0.68304780620037	-0.68304780620033	-0.68304780620037	0.683047806200369	-0.683047806200371	0.683047806200361	-0.683047806200373	0.683047806200233	-0.683047806200373	0.683047806200374	-0.68304780620036	0.683047806200371	-0.683047806200369	0.68304780620037	0.388191568421356	0.68304780620037	-0.0637697678105452	-1.32557764566383	-0.663424560802392
0.607793103079265	-0.607793103079242	0.607793103079261	-0.60779310307932	-0.607793103079263	0.607793103079259	-0.607793103079265	0.607793103079272	-0.607793103079254	0.607793103079212	-0.607793103079262	0.60779310307926	-0.607793103079248	0.607793103079263	-0.607793103079261	0.60779310307926	0.509100930961638	0.60779310307926	0.0250502297115418	-0.723188664804218	-1.45531125528304
-0.738900226900692	0.738900226900689	-0.738900226900695	0.738900226900674	0.738900226900693	-0.738900226900698	0.738900226900693	-0.738900226900699	0.73890022690069	-0.738900226900869	0.738900226900698	-0.738900226900693	0.738900226900692	-0.738900226900695	0.738900226900695	-0.738900226900694	-0.936014329417088	-0.738900226900694	0.210867133870483	-1.01763293536332	-1.4230150770319
-0.279676197110399	0.279676197110402	-0.279676197110401	0.279676197110405	0.279676197110397	-0.279676197110401	0.279676197110399	-0.279676197110395	0.279676197110403	-0.279676197110402	0.279676197110399	-0.2796761971104	0.279676197110406	-0.279676197110399	0.279676197110402	-0.279676197110399	-0.661088324222013	-0.2796761971104	0.326406382508909	-1.39295114651666	-0.487398044299254
0.0884963042837476	-0.0884963042837463	0.0884963042837462	-0.0884963042837628	-0.0884963042837488	0.0884963042837474	-0.0884963042837482	0.0884963042837529	-0.0884963042837446	0.0884963042837232	-0.0884963042837477	0.088496304283747	-0.0884963042837461	0.0884963042837475	-0.0884963042837476	0.0884963042837473	-0.0810834499587126	0.088496304283747	0.309941087477377	-1.48649610088598	-0.586043509695756
0.0157553259431607	-0.0157553259431605	0.0157553259431607	-0.0157553259431603	-0.015755325943162	0.0157553259431609	-0.0157553259431602	0.015755325943161	-0.0157553259431597	0.015755325943146	-0.0157553259431609	0.0157553259431604	-0.01575532594316	0.0157553259431609	-0.0157553259431611	0.0157553259431605	-0.2306715875227	0.0157553259431606	0.282753081396156	-1.48516331609225	-0.50837075357296
0.852070229506142	-0.852070229506135	0.852070229506133	-0.852070229506132	-0.852070229506141	0.852070229506139	-0.852070229506136	0.852070229506144	-0.85207022950614	0.852070229506045	-0.852070229506141	0.852070229506152	-0.852070229506151	0.852070229506139	-0.852070229506136	0.852070229506139	0.258264935343135	0.852070229506139	-0.167636445622984	-1.03302376412264	-1.28184977363838
0.821052380558763	-0.821052380558762	0.821052380558766	-0.821052380558733	-0.821052380558763	0.821052380558757	-0.82105238055876	0.821052380558754	-0.821052380558765	0.821052380558866	-0.821052380558765	0.82105238055876	-0.821052380558767	0.821052380558765	-0.821052380558768	0.821052380558759	0.444963807539519	0.821052380558763	0.17589303085146	-1.09472204657173	-1.14295698154241
-1.16139096994557	1.16139096994558	-1.16139096994558	1.16139096994558	1.16139096994556	-1.16139096994557	1.16139096994557	-1.16139096994554	1.16139096994559	-1.1613909699456	1.16139096994558	-1.16139096994559	1.16139096994559	-1.16139096994558	1.16139096994558	-1.16139096994557	-1.25358304393657	-1.16139096994558	0.15408694609516	-1.03271237869858	-1.23611330050518
-0.0954521822467908	0.0954521822467921	-0.0954521822467914	0.0954521822467857	0.0954521822467901	-0.0954521822467909	0.095452182246791	-0.09545218224679	0.0954521822467922	-0.0954521822467881	0.0954521822467905	-0.0954521822467916	0.0954521822467924	-0.0954521822467907	0.0954521822467912	-0.0954521822467912	-0.525039294335781	-0.0954521822467913	0.403727923074419	-1.87311072043169	0.48790799489909
0.612516269761587	-0.612516269761594	0.612516269761587	-0.61251626976161	-0.612516269761594	0.61251626976159	-0.612516269761593	0.612516269761599	-0.612516269761584	0.612516269761651	-0.612516269761592	0.61251626976159	-0.612516269761586	0.612516269761589	-0.612516269761589	0.612516269761592	0.158798496533144	0.612516269761589	0.0325637590741411	-1.20027136945574	-0.237812175851987
0.260330963323823	-0.260330963323823	0.260330963323822	-0.260330963323832	-0.260330963323827	0.260330963323823	-0.260330963323824	0.260330963323824	-0.260330963323821	0.260330963323826	-0.260330963323823	0.260330963323824	-0.260330963323821	0.260330963323825	-0.260330963323824	0.260330963323822	-0.0617593272248703	0.260330963323824	0.0557909609806213	-0.457814169615851	-0.899816782135525
-0.56943919547546	0.569439195475448	-0.569439195475456	0.569439195475506	0.56943919547546	-0.569439195475459	0.569439195475458	-0.569439195475462	0.569439195475451	-0.569439195475449	0.569439195475461	-0.569439195475453	0.569439195475455	-0.569439195475458	0.569439195475457	-0.569439195475456	-0.974338522929056	-0.569439195475455	0.14549338304899	-0.458587992568327	-0.931436454926987
0.162035103116626	-0.162035103116627	0.162035103116626	-0.162035103116616	-0.162035103116625	0.162035103116627	-0.162035103116625	0.16203510311662	-0.162035103116628	0.16203510311662	-0.162035103116626	0.162035103116628	-0.162035103116627	0.162035103116626	-0.162035103116626	0.162035103116626	-0.427837985425995	0.162035103116626	0.464903817964927	-0.988731283293824	0.114574403041778
1.62994616789583	-1.62994616789583	1.62994616789585	-1.62994616789593	-1.62994616789582	1.62994616789585	-1.62994616789585	1.62994616789581	-1.62994616789585	1.62994616789592	-1.62994616789583	1.62994616789587	-1.62994616789583	1.62994616789584	-1.62994616789583	1.62994616789583	1.21164541769912	1.62994616789584	-0.149907109467753	-0.160040364921532	-0.860937306557803
0.962901849416018	-0.962901849416029	0.962901849416029	-0.962901849415884	-0.962901849416026	0.96290184941602	-0.962901849416019	0.962901849416006	-0.96290184941602	0.962901849416021	-0.962901849416014	0.962901849416024	-0.962901849416007	0.962901849416022	-0.962901849416024	0.96290184941601	0.808397205505745	0.962901849416023	0.231856263273852	0.492120755870342	-1.10555904408514
-1.28102953644649	1.28102953644649	-1.2810295364465	1.28102953644657	1.2810295364465	-1.2810295364465	1.28102953644649	-1.28102953644649	1.28102953644649	-1.28102953644632	1.28102953644649	-1.28102953644649	1.28102953644649	-1.28102953644649	1.28102953644649	-1.2810295364465	-0.942694275603207	-1.28102953644649	0.470837734620902	-0.40994422918711	-0.775870896314716
-1.16638221596458	1.16638221596457	-1.16638221596458	1.16638221596477	1.16638221596457	-1.16638221596457	1.16638221596459	-1.16638221596459	1.16638221596457	-1.16638221596427	1.16638221596458	-1.16638221596458	1.16638221596458	-1.16638221596458	1.16638221596457	-1.16638221596459	-0.77141685459828	-1.16638221596458	0.639230401434648	-0.9776556079097	0.393641542273763
0.608734908270138	-0.608734908270138	0.608734908270141	-0.608734908270199	-0.608734908270131	0.608734908270135	-0.608734908270144	0.608734908270135	-0.608734908270139	0.608734908270127	-0.608734908270139	0.608734908270143	-0.608734908270137	0.608734908270138	-0.608734908270138	0.608734908270144	0.471164062087888	0.608734908270139	0.265017040859018	-1.24430708718303	0.73060707451933
0.323516635943487	-0.323516635943491	0.323516635943487	-0.323516635943478	-0.323516635943492	0.323516635943491	-0.323516635943486	0.323516635943499	-0.323516635943486	0.32351663594349	-0.323516635943489	0.323516635943488	-0.323516635943488	0.323516635943489	-0.32351663594349	0.323516635943488	-0.0422779808270524	0.323516635943488	-0.0923153761441223	0.142535413964974	-0.873490467428816
-0.204205670586792	0.204205670586792	-0.204205670586794	0.204205670586809	0.204205670586791	-0.204205670586792	0.204205670586793	-0.204205670586792	0.204205670586794	-0.204205670586817	0.204205670586792	-0.204205670586793	0.20420567058679	-0.204205670586793	0.204205670586793	-0.204205670586793	-0.579905166924003	-0.204205670586793	0.572532927366812	0.409890995827964	-0.0598353773444716
-0.15609196900024	0.156091969000242	-0.156091969000241	0.156091969000221	0.156091969000239	-0.15609196900024	0.156091969000239	-0.156091969000237	0.156091969000242	-0.156091969000277	0.156091969000239	-0.156091969000241	0.156091969000241	-0.15609196900024	0.15609196900024	-0.15609196900024	-0.271227774622289	-0.15609196900024	0.302140150511867	0.656704264538442	-0.538761851302262
1.17143650242997	-1.17143650242996	1.17143650242998	-1.17143650243003	-1.17143650242998	1.17143650242997	-1.17143650242998	1.17143650242998	-1.17143650242998	1.17143650242991	-1.17143650242998	1.17143650242997	-1.17143650242996	1.17143650242998	-1.17143650242998	1.17143650242997	0.821761043812131	1.17143650242997	0.594434989678889	-0.0808739308583921	0.439447240047733
-0.727349299627642	0.727349299627634	-0.727349299627644	0.727349299627648	0.727349299627648	-0.727349299627642	0.727349299627644	-0.727349299627662	0.727349299627632	-0.727349299627668	0.727349299627644	-0.72734929962764	0.727349299627634	-0.727349299627644	0.727349299627642	-0.72734929962764	-0.693200924006853	-0.727349299627641	0.131763674996381	1.09891700619586	-1.23482858667024
-0.050985842829678	0.0509858428296783	-0.0509858428296781	0.0509858428296752	0.0509858428296767	-0.0509858428296775	0.0509858428296779	-0.0509858428296765	0.0509858428296788	-0.0509858428296896	0.0509858428296777	-0.0509858428296777	0.0509858428296787	-0.0509858428296776	0.0509858428296779	-0.0509858428296779	-0.20706237624071	-0.0509858428296779	0.204410985240946	0.22623534736945	-0.68256675766665
0.652364071601789	-0.65236407160179	0.65236407160179	-0.652364071601824	-0.652364071601794	0.652364071601788	-0.652364071601785	0.652364071601802	-0.652364071601785	0.652364071601773	-0.65236407160179	0.652364071601779	-0.652364071601799	0.652364071601789	-0.65236407160179	0.652364071601792	0.596664857347009	0.65236407160179	0.065813971344779	0.449494934601913	-1.00160830994999
-0.176579462614721	0.176579462614721	-0.176579462614718	0.176579462614709	0.17657946261472	-0.17657946261472	0.176579462614718	-0.17657946261472	0.17657946261472	-0.17657946261468	0.176579462614719	-0.17657946261472	0.176579462614721	-0.17657946261472	0.176579462614719	-0.17657946261472	-0.0748603265698584	-0.17657946261472	0.170203347350223	1.01306683656494	-1.34167507403064
-0.413444018727822	0.413444018727815	-0.413444018727817	0.413444018727797	0.413444018727823	-0.413444018727817	0.413444018727814	-0.413444018727825	0.413444018727816	-0.413444018727697	0.413444018727824	-0.413444018727813	0.41344401872782	-0.41344401872782	0.413444018727819	-0.413444018727818	-0.657584225639029	-0.413444018727818	0.088906907304303	0.367264002821295	-1.08073660830671
0.295651605746979	-0.295651605746984	0.29565160574698	-0.295651605746981	-0.295651605746978	0.29565160574698	-0.295651605746979	0.295651605746979	-0.295651605746981	0.295651605746966	-0.295651605746978	0.295651605746984	-0.295651605746978	0.29565160574698	-0.29565160574698	0.295651605746981	0.113262068066448	0.29565160574698	0.0425812756297223	0.224271643777991	-0.934455112216006
1.37345728799425	-1.37345728799425	1.37345728799425	-1.3734572879942	-1.37345728799426	1.37345728799425	-1.37345728799426	1.3734572879943	-1.37345728799424	1.3734572879945	-1.37345728799425	1.37345728799425	-1.37345728799427	1.37345728799425	-1.37345728799425	1.37345728799425	1.13000692200021	1.37345728799425	0.467713293930368	0.332704075887123	-0.345166295434856
-0.904845185273367	0.904845185273363	-0.904845185273361	0.904845185273404	0.904845185273384	-0.904845185273376	0.904845185273369	-0.904845185273372	0.904845185273359	-0.904845185273599	0.904845185273371	-0.904845185273354	0.904845185273373	-0.90484518527337	0.904845185273372	-0.904845185273363	-0.928664531371051	-0.904845185273367	0.165845904867778	0.979225284458175	-1.08742616061139
-0.294399696637158	0.294399696637151	-0.294399696637155	0.294399696637156	0.294399696637155	-0.294399696637153	0.294399696637156	-0.29439969663716	0.294399696637151	-0.294399696637062	0.294399696637158	-0.294399696637157	0.294399696637152	-0.294399696637156	0.294399696637157	-0.294399696637155	-0.0974532576978173	-0.294399696637155	0.333126065859855	0.0975573632173135	-0.166235459477197
0.831936114119893	-0.831936114119894	0.831936114119902	-0.831936114119858	-0.831936114119889	0.83193611411989	-0.831936114119895	0.831936114119879	-0.831936114119901	0.831936114119866	-0.83193611411989	0.831936114119897	-0.831936114119889	0.831936114119893	-0.831936114119892	0.831936114119894	0.292737704255603	0.831936114119894	-0.0961810656930635	1.1802649974676	-0.396304883484366
0.719264655187991	-0.719264655187991	0.71926465518799	-0.719264655187997	-0.719264655188006	0.719264655188	-0.719264655187986	0.719264655187991	-0.71926465518799	0.719264655188011	-0.719264655187994	0.719264655187984	-0.719264655187991	0.719264655187995	-0.719264655187992	0.719264655187989	0.985005456990843	0.719264655187992	0.335357371349142	2.13954285986693	-0.40496806133691
-1.36350224350089	1.36350224350088	-1.36350224350088	1.36350224350097	1.36350224350089	-1.3635022435009	1.36350224350089	-1.3635022435009	1.36350224350087	-1.36350224350057	1.36350224350088	-1.36350224350089	1.36350224350088	-1.36350224350088	1.36350224350088	-1.36350224350088	-0.740063167105588	-1.36350224350088	0.776752675144612	2.13975881664703	-0.380640539047884
0.0526787594202246	-0.052678759420224	0.0526787594202239	-0.0526787594202336	-0.0526787594202251	0.052678759420225	-0.0526787594202239	0.0526787594202249	-0.0526787594202247	0.0526787594201996	-0.0526787594202252	0.0526787594202249	-0.0526787594202245	0.0526787594202247	-0.052678759420225	0.052678759420225	0.0868139766743448	0.0526787594202245	0.68225594346278	0.0268956911518082	0.656942176426536
1.40288054123641	-1.40288054123639	1.40288054123639	-1.40288054123635	-1.40288054123642	1.40288054123641	-1.4028805412364	1.40288054123644	-1.4028805412364	1.40288054123646	-1.4028805412364	1.40288054123638	-1.40288054123641	1.40288054123641	-1.4028805412364	1.40288054123641	1.21326326967461	1.4028805412364	0.320306731759065	0.537313178703237	0.0608331797042925
-0.0800089453124319	0.0800089453124323	-0.0800089453124317	0.0800089453124278	0.0800089453124306	-0.0800089453124309	0.0800089453124315	-0.0800089453124306	0.0800089453124323	-0.0800089453124369	0.0800089453124316	-0.0800089453124314	0.0800089453124328	-0.0800089453124316	0.0800089453124316	-0.0800089453124316	-0.162475353582971	-0.0800089453124317	0.285143156515694	1.21475159344491	-0.526086936161139
-1.15671549336744	1.15671549336743	-1.15671549336744	1.15671549336757	1.15671549336744	-1.15671549336745	1.15671549336745	-1.15671549336745	1.15671549336743	-1.15671549336746	1.15671549336745	-1.15671549336746	1.15671549336743	-1.15671549336744	1.15671549336744	-1.15671549336744	-1.13333079220271	-1.15671549336744	0.200428805451933	1.25962457966742	-1.0146271543141
-0.412801306372218	0.412801306372219	-0.412801306372218	0.412801306372203	0.412801306372218	-0.412801306372218	0.412801306372215	-0.412801306372215	0.412801306372225	-0.412801306372267	0.412801306372222	-0.412801306372217	0.412801306372224	-0.41280130637222	0.412801306372218	-0.412801306372221	-0.246590818252404	-0.412801306372219	0.183247980846009	0.473910518329296	-0.888217440495663
1.44751653819204	-1.44751653819204	1.44751653819202	-1.44751653819205	-1.44751653819204	1.44751653819202	-1.44751653819203	1.44751653819205	-1.44751653819202	1.44751653819178	-1.44751653819203	1.44751653819202	-1.44751653819203	1.44751653819203	-1.44751653819203	1.44751653819203	1.20061933985284	1.44751653819203	0.201053380578474	0.0997408176324067	0.0484426981074458
-0.343040083280251	0.343040083280251	-0.343040083280252	0.343040083280265	0.343040083280253	-0.343040083280254	0.343040083280254	-0.343040083280256	0.343040083280251	-0.343040083280291	0.34304008328025	-0.34304008328025	0.343040083280257	-0.343040083280251	0.343040083280252	-0.343040083280253	-0.188563536897058	-0.343040083280252	0.385899749147577	0.928428274317716	-0.762398556699541
-0.511337240808862	0.511337240808863	-0.511337240808866	0.511337240808903	0.511337240808861	-0.511337240808867	0.511337240808865	-0.51133724080886	0.511337240808868	-0.511337240808919	0.511337240808862	-0.511337240808869	0.511337240808863	-0.511337240808864	0.511337240808864	-0.511337240808866	-0.460302367148122	-0.511337240808865	0.14048801974421	0.200200022959465	-0.832353346376798
0.309888483442221	-0.309888483442219	0.309888483442222	-0.309888483442222	-0.309888483442221	0.309888483442223	-0.309888483442223	0.309888483442217	-0.30988848344222	0.309888483442242	-0.309888483442222	0.309888483442221	-0.309888483442221	0.309888483442221	-0.30988848344222	0.309888483442224	-0.360596170061283	0.309888483442221	0.1538065229989	-0.141242789549072	-0.562503749816962
1.4855187125944	-1.48551871259441	1.4855187125944	-1.48551871259435	-1.4855187125944	1.4855187125944	-1.48551871259441	1.48551871259439	-1.4855187125944	1.48551871259451	-1.4855187125944	1.48551871259441	-1.48551871259439	1.4855187125944	-1.4855187125944	1.48551871259441	1.57294199895652	1.4855187125944	0.140390729251655	0.734640943514207	-0.599246147579362
-1.25673693456588	1.25673693456587	-1.25673693456587	1.25673693456596	1.25673693456586	-1.25673693456586	1.25673693456588	-1.25673693456589	1.25673693456588	-1.25673693456618	1.25673693456587	-1.25673693456587	1.25673693456589	-1.25673693456587	1.25673693456587	-1.25673693456587	-0.721960955979621	-1.25673693456587	0.143606093855297	1.13273420691021	-1.61244152390715
-0.347816733703424	0.347816733703423	-0.347816733703422	0.347816733703429	0.347816733703423	-0.347816733703421	0.347816733703425	-0.347816733703428	0.347816733703422	-0.347816733703485	0.347816733703425	-0.347816733703421	0.347816733703423	-0.347816733703424	0.347816733703424	-0.347816733703423	-0.537832653655261	-0.347816733703423	0.355783036845636	0.127628161664285	-0.301308169281491
1.92571391979142	-1.92571391979142	1.92571391979142	-1.92571391979159	-1.92571391979142	1.92571391979142	-1.92571391979142	1.92571391979138	-1.92571391979143	1.92571391979126	-1.92571391979141	1.92571391979141	-1.92571391979144	1.92571391979142	-1.92571391979141	1.92571391979141	1.71968664005891	1.92571391979142	0.217008922016884	0.5911074075704	-0.383036049843577
1.95795519325792	-1.95795519325792	1.95795519325792	-1.95795519325793	-1.95795519325793	1.95795519325793	-1.95795519325793	1.95795519325798	-1.9579551932579	1.95795519325769	-1.95795519325794	1.95795519325794	-1.95795519325791	1.95795519325792	-1.95795519325793	1.95795519325794	2.45743094642294	1.95795519325792	-0.0870015312016994	0.212901295428042	-1.51474730970207
1.99369739540535	-1.99369739540533	1.99369739540534	-1.99369739540527	-1.99369739540536	1.99369739540533	-1.99369739540534	1.9936973954054	-1.99369739540533	1.99369739540534	-1.99369739540536	1.99369739540533	-1.99369739540534	1.99369739540535	-1.99369739540534	1.99369739540535	2.06098129829536	1.99369739540534	0.236193694982913	1.49186437838424	-0.872158627696585
-1.68191577794994	1.68191577794996	-1.68191577794997	1.68191577794994	1.68191577794992	-1.68191577794995	1.68191577794995	-1.6819157779499	1.68191577794996	-1.68191577794994	1.68191577794994	-1.68191577794996	1.68191577794993	-1.68191577794994	1.68191577794995	-1.68191577794994	-0.157191673021862	-1.68191577794995	1.17480169739016	2.8011589944984	-0.743002359617838
-1.30671554539683	1.30671554539685	-1.30671554539685	1.30671554539676	1.30671554539685	-1.30671554539684	1.30671554539684	-1.30671554539687	1.30671554539685	-1.30671554539694	1.30671554539686	-1.30671554539685	1.30671554539683	-1.30671554539685	1.30671554539685	-1.30671554539685	-0.301755998220765	-1.30671554539685	1.13496114701493	1.91889103042589	0.42347321767869
-0.525980913553828	0.525980913553828	-0.52598091355383	0.525980913553817	0.525980913553828	-0.525980913553827	0.525980913553826	-0.525980913553827	0.525980913553832	-0.525980913553764	0.525980913553828	-0.525980913553832	0.525980913553828	-0.525980913553828	0.525980913553829	-0.525980913553828	0.396203509024715	-0.525980913553828	0.85078214830834	1.85152163546471	0.117138395157514
-0.839341353782894	0.839341353782896	-0.839341353782892	0.839341353782995	0.839341353782899	-0.839341353782893	0.839341353782904	-0.839341353782908	0.839341353782889	-0.839341353782911	0.839341353782905	-0.839341353782895	0.839341353782882	-0.839341353782898	0.839341353782893	-0.8393413537829	-0.150769665565723	-0.839341353782896	0.448548606023164	1.5332157850983	-0.319860547966019
-1.03082044610393	1.03082044610393	-1.03082044610392	1.03082044610402	1.03082044610394	-1.03082044610394	1.03082044610393	-1.03082044610395	1.03082044610392	-1.03082044610372	1.03082044610394	-1.03082044610394	1.03082044610395	-1.03082044610394	1.03082044610393	-1.03082044610394	-0.677666312936801	-1.03082044610393	0.0060990204455452	1.2908408258241	-0.480247896549313
-0.724395478137669	0.724395478137668	-0.72439547813767	0.724395478137706	0.724395478137667	-0.724395478137665	0.724395478137672	-0.724395478137649	0.724395478137671	-0.724395478137612	0.724395478137663	-0.724395478137666	0.724395478137669	-0.724395478137668	0.724395478137669	-0.724395478137668	-0.97432100264518	-0.724395478137669	-0.664265507310838	0.0981838935128422	-0.822514109405912
-0.324993950835367	0.324993950835365	-0.324993950835364	0.324993950835378	0.324993950835365	-0.324993950835367	0.324993950835364	-0.324993950835365	0.324993950835366	-0.324993950835342	0.324993950835367	-0.324993950835367	0.324993950835371	-0.324993950835365	0.324993950835368	-0.324993950835365	-0.932737447758393	-0.324993950835366	-0.750801340326678	-0.93047823372132	-0.499870214445568
-0.667100883938524	0.667100883938531	-0.667100883938518	0.667100883938545	0.667100883938529	-0.667100883938525	0.667100883938523	-0.667100883938524	0.667100883938527	-0.667100883938438	0.66710088393853	-0.667100883938527	0.66710088393853	-0.667100883938527	0.667100883938524	-0.667100883938528	-0.445029653422055	-0.667100883938527	-0.811339899883357	-0.951577789105381	-0.724108997005738
0.61352072209213	-0.613520722092122	0.613520722092128	-0.613520722092093	-0.613520722092125	0.613520722092124	-0.613520722092126	0.613520722092124	-0.613520722092126	0.613520722092056	-0.613520722092134	0.613520722092132	-0.613520722092122	0.613520722092132	-0.613520722092129	0.613520722092128	-0.128000251175435	0.613520722092128	-0.760180346860725	-1.34430644079682	-0.530801795684388
1.66167158162346	-1.66167158162347	1.66167158162347	-1.6616715816234	-1.66167158162348	1.66167158162348	-1.66167158162347	1.66167158162342	-1.66167158162349	1.66167158162361	-1.66167158162347	1.66167158162348	-1.66167158162347	1.66167158162347	-1.66167158162347	1.66167158162347	1.55517502358565	1.66167158162347	-0.956384887662495	-1.22709495598166	-0.949717934737052
-1.12504610216778	1.12504610216779	-1.12504610216778	1.12504610216775	1.12504610216777	-1.12504610216778	1.12504610216778	-1.12504610216774	1.12504610216779	-1.12504610216817	1.12504610216777	-1.12504610216777	1.12504610216779	-1.12504610216778	1.12504610216778	-1.12504610216777	-0.986434302712737	-1.12504610216778	-0.906561175986159	-0.423327397217466	-1.47524704841821
-1.04142455931903	1.04142455931903	-1.04142455931902	1.04142455931904	1.04142455931904	-1.04142455931903	1.04142455931904	-1.04142455931905	1.04142455931902	-1.04142455931905	1.04142455931903	-1.04142455931903	1.04142455931905	-1.04142455931903	1.04142455931904	-1.04142455931903	-0.841543731734467	-1.04142455931903	-0.4006570329264	-1.66172358630238	-0.399370535104691
0.37754839586547	-0.37754839586547	0.377548395865471	-0.377548395865489	-0.377548395865473	0.377548395865473	-0.37754839586547	0.377548395865476	-0.377548395865472	0.377548395865433	-0.377548395865473	0.377548395865477	-0.377548395865471	0.377548395865473	-0.37754839586547	0.377548395865473	-0.11323732576401	0.377548395865472	-0.708301371130557	-1.8812856216091	-0.482008144797362
1.07585113185189	-1.07585113185189	1.07585113185188	-1.07585113185188	-1.07585113185188	1.07585113185188	-1.07585113185189	1.07585113185189	-1.07585113185188	1.07585113185182	-1.07585113185188	1.07585113185189	-1.07585113185189	1.07585113185188	-1.07585113185188	1.07585113185188	0.814345832142652	1.07585113185188	-1.17396869757374	-1.11335308560994	-1.21085004260851
-1.32167657946584	1.32167657946587	-1.32167657946585	1.32167657946585	1.32167657946586	-1.32167657946586	1.32167657946585	-1.32167657946585	1.32167657946586	-1.32167657946608	1.32167657946585	-1.32167657946585	1.32167657946586	-1.32167657946585	1.32167657946585	-1.32167657946585	-1.09049793754397	-1.32167657946585	-0.670272458305643	-1.55666490983021	-1.41268633226115
-0.347241528015544	0.347241528015542	-0.34724152801554	0.347241528015563	0.347241528015545	-0.347241528015544	0.347241528015544	-0.347241528015544	0.34724152801554	-0.347241528015535	0.347241528015545	-0.347241528015542	0.347241528015543	-0.347241528015544	0.347241528015543	-0.347241528015543	-0.55718733562928	-0.347241528015543	-0.471732733517823	-1.93313088177383	-0.75666627152332
-0.0054127831180391	0.00541278311803925	-0.00541278311803917	0.00541278311803677	0.00541278311803774	-0.00541278311803848	0.00541278311803892	-0.0054127831180379	0.00541278311803982	-0.00541278311804909	0.00541278311803876	-0.00541278311803899	0.00541278311803964	-0.00541278311803882	0.00541278311803885	-0.00541278311803897	-0.8825514415883	-0.00541278311803908	-0.339939037529841	-0.677981802237572	-1.21209018610534
1.39854406855744	-1.39854406855743	1.39854406855742	-1.39854406855758	-1.39854406855745	1.39854406855744	-1.39854406855744	1.39854406855748	-1.39854406855741	1.39854406855733	-1.39854406855744	1.39854406855743	-1.39854406855746	1.39854406855744	-1.39854406855744	1.39854406855744	1.08623515406567	1.39854406855744	-0.61570953669559	-0.505796575385728	-1.4211181646066
0.369298087670047	-0.36929808767005	0.369298087670054	-0.369298087670081	-0.369298087670051	0.369298087670051	-0.369298087670051	0.369298087670049	-0.369298087670054	0.369298087670097	-0.36929808767005	0.369298087670048	-0.369298087670046	0.369298087670052	-0.369298087670051	0.369298087670051	0.513923572980976	0.369298087670051	-0.876122831359539	-0.175418355929471	-1.90300961777086
-1.17496433278953	1.17496433278951	-1.17496433278952	1.17496433278951	1.17496433278951	-1.17496433278952	1.17496433278952	-1.17496433278953	1.17496433278951	-1.1749643327896	1.17496433278952	-1.17496433278951	1.17496433278951	-1.17496433278951	1.17496433278951	-1.17496433278952	-0.786887674957929	-1.17496433278951	-0.510512483988682	-0.61515455055617	-1.66768873380583
-0.515858986866206	0.515858986866197	-0.515858986866206	0.515858986866251	0.515858986866204	-0.515858986866206	0.515858986866202	-0.515858986866195	0.515858986866205	-0.515858986866186	0.515858986866203	-0.515858986866202	0.51585898686621	-0.515858986866205	0.515858986866204	-0.515858986866204	-1.2094377030428	-0.515858986866203	-0.285781338183762	-1.34097582364843	-0.677228389291342
-0.205969053445845	0.205969053445847	-0.205969053445847	0.205969053445842	0.205969053445846	-0.205969053445847	0.205969053445845	-0.205969053445842	0.205969053445848	-0.205969053445873	0.205969053445846	-0.205969053445844	0.205969053445849	-0.205969053445846	0.205969053445845	-0.205969053445846	-0.576748097274652	-0.205969053445846	-0.674892479034151	-1.05541990357563	-1.06982910873573
-0.582129025598037	0.58212902559804	-0.582129025598044	0.582129025598055	0.582129025598036	-0.582129025598036	0.582129025598044	-0.582129025598024	0.582129025598045	-0.582129025598107	0.582129025598035	-0.58212902559804	0.582129025598036	-0.58212902559804	0.582129025598039	-0.582129025598037	-0.604306092947646	-0.58212902559804	-0.872848386449613	-0.682708221698696	-1.42997003391765
1.0105293288105	-1.01052932881051	1.0105293288105	-1.01052932881064	-1.01052932881049	1.0105293288105	-1.0105293288105	1.01052932881048	-1.01052932881051	1.01052932881039	-1.01052932881049	1.01052932881049	-1.01052932881051	1.0105293288105	-1.01052932881049	1.0105293288105	0.563121603975617	1.0105293288105	-0.783393635544166	-0.917421966718854	-0.970900740149227
-0.982575086003955	0.982575086003948	-0.982575086003938	0.982575086003891	0.982575086003948	-0.982575086003945	0.98257508600394	-0.982575086003955	0.982575086003942	-0.982575086003831	0.98257508600395	-0.982575086003939	0.982575086003974	-0.982575086003943	0.982575086003944	-0.982575086003947	-0.768051838727598	-0.982575086003944	-0.793411117992573	-0.467086141181738	-1.33241451964468
-0.823744107354274	0.823744107354269	-0.823744107354276	0.823744107354287	0.823744107354271	-0.823744107354274	0.823744107354276	-0.823744107354271	0.823744107354267	-0.823744107354323	0.823744107354281	-0.823744107354268	0.823744107354271	-0.823744107354273	0.823744107354274	-0.82374410735427	-0.761624697259178	-0.82374410735427	-0.466029874606979	-1.27829854804439	-0.385617488954951
-0.17016815907814	0.170168159078139	-0.17016815907814	0.170168159078147	0.17016815907814	-0.17016815907814	0.17016815907814	-0.170168159078139	0.170168159078139	-0.170168159078165	0.17016815907814	-0.170168159078139	0.170168159078141	-0.17016815907814	0.170168159078141	-0.170168159078139	-0.857387776706912	-0.17016815907814	-0.783663015450153	-1.00609186387142	-0.9762614952475
1.58916581909812	-1.58916581909815	1.58916581909812	-1.58916581909802	-1.58916581909812	1.58916581909814	-1.58916581909811	1.58916581909809	-1.58916581909814	1.58916581909797	-1.58916581909811	1.58916581909814	-1.58916581909813	1.58916581909812	-1.58916581909813	1.58916581909812	1.37669527096835	1.58916581909812	-1.08009201589816	-0.545444324540771	-1.0116299628514
0.64892126676747	-0.648921266767466	0.648921266767474	-0.648921266767543	-0.648921266767464	0.648921266767464	-0.648921266767472	0.648921266767455	-0.64892126676747	0.648921266767426	-0.648921266767463	0.648921266767466	-0.648921266767463	0.648921266767468	-0.648921266767467	0.648921266767465	0.784319235041985	0.648921266767467	-1.00082424321323	-0.252313945842578	-1.19323108470769
-0.774269483575642	0.774269483575637	-0.774269483575647	0.774269483575656	0.774269483575642	-0.774269483575638	0.774269483575642	-0.774269483575627	0.774269483575644	-0.774269483575663	0.774269483575642	-0.774269483575641	0.77426948357563	-0.774269483575642	0.774269483575644	-0.774269483575642	-0.668458140225426	-0.77426948357564	-0.799858129181546	-0.279354616001706	-1.49679288090374
-1.02379598497646	1.02379598497646	-1.02379598497646	1.02379598497647	1.02379598497646	-1.02379598497646	1.02379598497646	-1.02379598497648	1.02379598497645	-1.02379598497654	1.02379598497647	-1.02379598497646	1.02379598497646	-1.02379598497647	1.02379598497646	-1.02379598497646	-1.57255546158727	-1.02379598497646	-0.519989315004209	-1.09165350244116	-0.284154057531587
0.2691321248605	-0.2691321248605	0.269132124860502	-0.269132124860486	-0.269132124860504	0.269132124860501	-0.269132124860498	0.269132124860501	-0.269132124860504	0.2691321248605	-0.269132124860503	0.269132124860499	-0.269132124860502	0.269132124860502	-0.269132124860501	0.269132124860502	-0.342412437695637	0.269132124860501	-0.780371174760505	-0.834641012520656	-0.337672869420009
1.965344548155	-1.96534454815503	1.96534454815503	-1.96534454815519	-1.96534454815498	1.96534454815501	-1.96534454815504	1.96534454815502	-1.965344548155	1.96534454815507	-1.96534454815499	1.96534454815501	-1.96534454815499	1.965344548155	-1.965344548155	1.96534454815499	2.10034120074896	1.965344548155	-1.16235726373559	-0.0946918896239493	-0.923502881749985
-0.928032999479936	0.928032999479931	-0.928032999479939	0.928032999479898	0.928032999479931	-0.928032999479936	0.928032999479936	-0.92803299947992	0.928032999479941	-0.928032999480067	0.928032999479931	-0.928032999479933	0.928032999479945	-0.928032999479935	0.928032999479932	-0.928032999479932	-0.785846380314567	-0.928032999479936	-0.942527447878771	1.0267610236872	-1.90661591969789
-1.25847369089542	1.25847369089544	-1.25847369089543	1.25847369089554	1.25847369089542	-1.25847369089543	1.25847369089544	-1.25847369089542	1.25847369089543	-1.25847369089538	1.25847369089541	-1.25847369089543	1.25847369089543	-1.25847369089542	1.25847369089543	-1.25847369089542	-1.15268433653799	-1.25847369089543	-0.403667629086818	-0.101466314393955	-1.26826127946592
0.118051121825988	-0.118051121825988	0.118051121825988	-0.118051121825984	-0.118051121825989	0.118051121825988	-0.118051121825988	0.118051121825987	-0.118051121825987	0.118051121825988	-0.118051121825987	0.118051121825987	-0.118051121825988	0.118051121825988	-0.118051121825988	0.118051121825988	-0.755759696491421	0.118051121825988	-0.256365254896301	-0.0923350751802298	-1.35706544011138
0.00530407648782883	-0.00530407648782857	0.00530407648782875	-0.00530407648783129	-0.00530407648782979	0.00530407648782954	-0.00530407648782886	0.00530407648782892	-0.00530407648782827	0.00530407648782187	-0.00530407648782893	0.00530407648782879	-0.00530407648782829	0.00530407648782881	-0.00530407648782883	0.00530407648782864	-0.936116117079552	0.00530407648782868	-0.725957968966677	0.0406887327673906	-1.30401809995741
1.39675246376594	-1.39675246376593	1.39675246376594	-1.39675246376599	-1.39675246376595	1.39675246376595	-1.39675246376594	1.39675246376593	-1.39675246376595	1.39675246376597	-1.39675246376594	1.39675246376595	-1.39675246376595	1.39675246376594	-1.39675246376594	1.39675246376595	0.840165494982141	1.39675246376594	-0.659442223878262	0.158825021394059	-0.940622079083841
-0.888993963259561	0.888993963259565	-0.888993963259563	0.888993963259516	0.888993963259561	-0.888993963259565	0.888993963259558	-0.88899396325956	0.888993963259568	-0.888993963259769	0.88899396325956	-0.888993963259563	0.88899396325958	-0.88899396325956	0.888993963259564	-0.888993963259561	-0.854482272684309	-0.888993963259564	-0.591886717332099	0.161183521561595	-1.64805231395025
-0.255722708116598	0.255722708116598	-0.255722708116599	0.255722708116604	0.255722708116599	-0.255722708116597	0.255722708116599	-0.255722708116598	0.255722708116599	-0.255722708116645	0.255722708116599	-0.255722708116597	0.255722708116601	-0.255722708116599	0.255722708116598	-0.255722708116598	-1.1694615494077	-0.255722708116599	-0.443037661740989	-0.441049665866684	-0.888511597202694
0.215549062303111	-0.215549062303108	0.215549062303109	-0.215549062303121	-0.21554906230311	0.215549062303112	-0.21554906230311	0.215549062303114	-0.215549062303109	0.215549062303082	-0.21554906230311	0.21554906230311	-0.215549062303108	0.215549062303109	-0.21554906230311	0.21554906230311	-0.107274537076252	0.215549062303109	-0.761218342679952	0.0161260474732216	-1.41038565413598
0.0799562779810847	-0.0799562779810843	0.0799562779810838	-0.0799562779810737	-0.0799562779810873	0.0799562779810848	-0.0799562779810826	0.0799562779810854	-0.0799562779810842	0.0799562779810592	-0.0799562779810846	0.0799562779810832	-0.0799562779810856	0.0799562779810851	-0.079956277981084	0.0799562779810844	-0.169286737594429	0.0799562779810847	-0.721882032543999	0.805008359802372	-1.56405590683488
-0.915916934854117	0.915916934854116	-0.915916934854114	0.915916934854159	0.915916934854116	-0.915916934854117	0.915916934854113	-0.915916934854102	0.915916934854121	-0.915916934853925	0.915916934854115	-0.915916934854114	0.915916934854106	-0.915916934854116	0.915916934854114	-0.915916934854118	-1.20344188924592	-0.915916934854115	-0.586625060656453	-0.035888899857168	-1.2933959319818
-0.258841953962913	0.258841953962916	-0.258841953962914	0.258841953962894	0.25884195396291	-0.258841953962913	0.258841953962914	-0.258841953962915	0.258841953962914	-0.258841953962886	0.258841953962913	-0.258841953962915	0.258841953962915	-0.258841953962913	0.258841953962913	-0.258841953962913	-1.03602829589319	-0.258841953962913	-0.517950350538412	-0.523953920439692	-0.846088750488791
0.679743332359392	-0.679743332359388	0.679743332359395	-0.679743332359461	-0.679743332359391	0.679743332359388	-0.67974333235939	0.679743332359386	-0.679743332359395	0.679743332359269	-0.679743332359392	0.679743332359388	-0.679743332359386	0.679743332359394	-0.679743332359385	0.679743332359392	-0.135318465641006	0.679743332359391	-0.710171857960927	-0.31865426075966	-1.12951781558595
1.24004379730981	-1.2400437973098	1.2400437973098	-1.24004379730979	-1.24004379730981	1.24004379730981	-1.2400437973098	1.24004379730981	-1.2400437973098	1.24004379730993	-1.24004379730981	1.24004379730979	-1.24004379730982	1.2400437973098	-1.24004379730981	1.24004379730981	0.991941753922993	1.24004379730981	-0.784387818359387	0.222365363514318	-1.1582091929103
-1.17773518352507	1.17773518352508	-1.17773518352508	1.17773518352508	1.17773518352508	-1.17773518352508	1.17773518352508	-1.17773518352508	1.17773518352508	-1.17773518352545	1.17773518352508	-1.17773518352507	1.17773518352507	-1.17773518352508	1.17773518352507	-1.17773518352508	-1.38452342156954	-1.17773518352508	-0.664427916939329	0.126974838654261	-1.66272115122297
0.166943051719278	-0.166943051719279	0.166943051719277	-0.166943051719271	-0.16694305171928	0.166943051719279	-0.166943051719278	0.166943051719278	-0.166943051719277	0.166943051719277	-0.166943051719279	0.166943051719279	-0.166943051719277	0.166943051719278	-0.166943051719278	0.166943051719277	-0.517290064584752	0.166943051719278	-0.393727609051025	-1.17579069197743	-0.282978807382826
0.855083876329863	-0.855083876329868	0.855083876329871	-0.855083876329752	-0.855083876329862	0.855083876329866	-0.855083876329854	0.855083876329825	-0.855083876329886	0.855083876330085	-0.855083876329861	0.855083876329858	-0.855083876329877	0.855083876329863	-0.855083876329863	0.855083876329867	0.138660421571824	0.855083876329866	-0.970353745880091	-0.127260380841597	-1.07533991906894
0.0808156786036633	-0.0808156786036637	0.0808156786036625	-0.080815678603659	-0.0808156786036655	0.0808156786036642	-0.0808156786036628	0.0808156786036651	-0.0808156786036625	0.0808156786036675	-0.080815678603664	0.0808156786036627	-0.0808156786036643	0.080815678603664	-0.0808156786036636	0.080815678603663	-0.139870465367004	0.0808156786036634	-0.834565631289583	0.575469872907344	-1.44277290757994
-0.633407615231799	0.633407615231802	-0.6334076152318	0.633407615231785	0.63340761523179	-0.633407615231793	0.633407615231798	-0.633407615231812	0.633407615231793	-0.633407615231867	0.633407615231801	-0.633407615231799	0.633407615231802	-0.633407615231797	0.633407615231799	-0.633407615231799	-1.72773817408471	-0.633407615231798	-0.699255378807506	-0.387863855806202	-1.07408276889674
-0.293533622316818	0.293533622316818	-0.29353362231682	0.2935336223168	0.293533622316814	-0.293533622316816	0.293533622316817	-0.293533622316808	0.293533622316822	-0.293533622316807	0.293533622316817	-0.293533622316817	0.293533622316816	-0.293533622316817	0.293533622316817	-0.293533622316817	-0.964158567492976	-0.293533622316817	-0.923319730204968	-0.461231610340357	-1.07506715243348
1.91808890099936	-1.91808890099935	1.91808890099934	-1.91808890099921	-1.91808890099932	1.91808890099933	-1.91808890099933	1.91808890099935	-1.91808890099936	1.91808890099959	-1.91808890099934	1.91808890099934	-1.9180889009994	1.91808890099934	-1.91808890099935	1.91808890099936	1.23996705241543	1.91808890099935	-0.911313590121495	0.0888272097844583	-0.641249517215162
-1.04480554068716	1.04480554068715	-1.04480554068716	1.04480554068726	1.04480554068717	-1.04480554068717	1.04480554068716	-1.04480554068718	1.04480554068715	-1.04480554068718	1.04480554068716	-1.04480554068716	1.04480554068714	-1.04480554068716	1.04480554068716	-1.04480554068716	-0.664269962889634	-1.04480554068716	-0.674542648952308	0.817270020454479	-1.3271242903687
-1.09352833787515	1.09352833787513	-1.09352833787515	1.09352833787515	1.09352833787514	-1.09352833787514	1.09352833787514	-1.09352833787514	1.09352833787514	-1.0935283378751	1.09352833787514	-1.09352833787514	1.09352833787515	-1.09352833787514	1.09352833787515	-1.09352833787514	-1.25475444665571	-1.09352833787514	-0.522269709446005	-0.0165732608918947	-0.195865110974747
-0.249072763159603	0.249072763159604	-0.249072763159604	0.249072763159603	0.249072763159603	-0.249072763159604	0.249072763159603	-0.249072763159604	0.249072763159603	-0.249072763159623	0.249072763159604	-0.249072763159605	0.2490727631596	-0.249072763159603	0.249072763159604	-0.249072763159605	-0.994215474077004	-0.249072763159603	-0.901072329452528	0.0827825543199805	-0.364996171854295
1.15652022448999	-1.15652022448996	1.15652022448999	-1.15652022449011	-1.15652022448999	1.15652022448998	-1.15652022448998	1.15652022448996	-1.15652022448999	1.15652022448982	-1.15652022448999	1.15652022448999	-1.15652022448996	1.15652022448999	-1.15652022448999	1.15652022448998	0.688559386870057	1.15652022448998	-0.996411986775377	0.611529460207993	-0.295524444485398
-0.948850221606871	0.948850221606871	-0.948850221606869	0.948850221606827	0.948850221606881	-0.948850221606872	0.948850221606865	-0.948850221606879	0.948850221606871	-0.948850221606838	0.948850221606875	-0.948850221606867	0.948850221606873	-0.948850221606872	0.948850221606873	-0.948850221606867	-0.720777776689166	-0.948850221606872	-0.829328384269709	0.846109261570074	-1.09617496695642
-0.906611132312464	0.906611132312474	-0.906611132312462	0.906611132312481	0.90661113231247	-0.906611132312463	0.906611132312465	-0.906611132312472	0.906611132312451	-0.906611132312508	0.906611132312461	-0.90661113231246	0.906611132312457	-0.906611132312465	0.906611132312457	-0.906611132312462	-1.03020325180817	-0.906611132312463	-0.733063979026177	0.00225139963286238	-0.449303827829492
-0.109209290800466	0.109209290800466	-0.109209290800464	0.109209290800464	0.109209290800464	-0.109209290800465	0.109209290800466	-0.109209290800466	0.109209290800465	-0.109209290800475	0.109209290800465	-0.109209290800465	0.109209290800465	-0.109209290800465	0.109209290800464	-0.109209290800465	-0.775832199572216	-0.109209290800465	-0.909808188312028	-0.191823225430278	-0.727724936141827
1.22135887771468	-1.22135887771469	1.22135887771469	-1.22135887771461	-1.22135887771469	1.22135887771468	-1.22135887771468	1.22135887771468	-1.22135887771469	1.22135887771452	-1.22135887771468	1.22135887771467	-1.22135887771468	1.22135887771468	-1.22135887771468	1.22135887771468	0.502963596019516	1.22135887771468	-0.893381984981198	-0.013835935175136	-0.458373058772403
-0.0125710836699445	0.0125710836699448	-0.0125710836699447	0.0125710836699425	0.0125710836699433	-0.0125710836699441	0.0125710836699444	-0.0125710836699432	0.012571083669945	-0.0125710836699592	0.0125710836699442	-0.0125710836699441	0.0125710836699453	-0.0125710836699442	0.0125710836699444	-0.0125710836699445	-0.124470253892452	-0.0125710836699445	-1.02297037892177	0.334904061796744	-1.09971325300229
-0.68336705991755	0.683367059917544	-0.683367059917543	0.683367059917556	0.683367059917546	-0.683367059917546	0.683367059917548	-0.683367059917574	0.683367059917542	-0.68336705991751	0.683367059917551	-0.68336705991755	0.683367059917547	-0.683367059917549	0.68336705991755	-0.683367059917552	-1.022207433375	-0.683367059917548	-0.543724978109287	-0.518953932317412	0.0340061997259993
0.201182137233697	-0.201182137233695	0.201182137233696	-0.201182137233704	-0.201182137233695	0.201182137233696	-0.201182137233697	0.201182137233694	-0.201182137233696	0.201182137233717	-0.201182137233695	0.201182137233694	-0.201182137233697	0.201182137233695	-0.201182137233694	0.201182137233695	-0.268429343317558	0.201182137233695	-0.922876116899854	-0.4292813893925	-0.510992250771662
1.30973004859332	-1.30973004859331	1.30973004859331	-1.30973004859325	-1.3097300485933	1.3097300485933	-1.3097300485933	1.30973004859334	-1.30973004859329	1.30973004859291	-1.3097300485933	1.30973004859331	-1.30973004859331	1.30973004859331	-1.30973004859331	1.30973004859331	0.524062482290305	1.30973004859331	-1.12647722567033	0.170583087616344	-0.723240021308387
-0.849095805819516	0.849095805819513	-0.849095805819512	0.849095805819489	0.849095805819528	-0.849095805819524	0.849095805819514	-0.849095805819507	0.849095805819515	-0.849095805819615	0.849095805819523	-0.849095805819518	0.849095805819508	-0.849095805819515	0.849095805819521	-0.849095805819517	-0.971971519563638	-0.849095805819515	-0.934773413984008	0.561342053355379	-1.1594590507304
-0.612868358043339	0.612868358043339	-0.612868358043342	0.61286835804333	0.612868358043336	-0.612868358043341	0.612868358043342	-0.612868358043342	0.61286835804334	-0.612868358043446	0.612868358043341	-0.612868358043345	0.612868358043342	-0.612868358043344	0.612868358043341	-0.612868358043339	-0.818566350334116	-0.612868358043342	-0.951579867319284	-0.261703500885572	-0.477641828106869
1.7275294203509	-1.72752942035088	1.72752942035092	-1.72752942035101	-1.7275294203509	1.72752942035091	-1.72752942035091	1.72752942035089	-1.72752942035091	1.72752942035098	-1.72752942035091	1.7275294203509	-1.72752942035089	1.7275294203509	-1.7275294203509	1.72752942035091	1.13893099119912	1.7275294203509	-1.00172997635583	-0.414196858320231	0.126325776368022
0.286830874532236	-0.28683087453223	0.286830874532233	-0.286830874532263	-0.286830874532234	0.286830874532235	-0.286830874532236	0.28683087453224	-0.286830874532229	0.286830874532199	-0.286830874532235	0.286830874532236	-0.286830874532233	0.286830874532234	-0.286830874532232	0.286830874532234	0.167632549511558	0.286830874532233	-0.947406884685479	0.629617734552188	-0.841797732608087
-1.48761645614464	1.48761645614466	-1.48761645614465	1.48761645614465	1.48761645614465	-1.48761645614465	1.48761645614465	-1.48761645614469	1.48761645614463	-1.48761645614442	1.48761645614465	-1.48761645614465	1.48761645614461	-1.48761645614465	1.48761645614464	-1.48761645614464	-1.45244464244532	-1.48761645614464	-0.749925495560027	-0.153764346003259	-0.0200458369128148
-0.0171550559812012	0.0171550559812017	-0.0171550559812014	0.0171550559811966	0.0171550559812001	-0.0171550559812006	0.017155055981201	-0.0171550559812	0.0171550559812019	-0.0171550559812104	0.017155055981201	-0.017155055981201	0.0171550559812017	-0.0171550559812009	0.0171550559812013	-0.0171550559812012	-0.604394894018379	-0.0171550559812012	-0.66163741756858	-0.668950566365713	0.69663016741279
1.696221556208	-1.69622155620802	1.69622155620801	-1.69622155620788	-1.696221556208	1.696221556208	-1.69622155620801	1.69622155620802	-1.696221556208	1.69622155620833	-1.69622155620801	1.69622155620802	-1.69622155620799	1.69622155620801	-1.69622155620801	1.69622155620801	1.43537747225482	1.69622155620801	-1.07837850971103	0.46908021435067	0.142978654778578
-1.073737098702	1.073737098702	-1.073737098702	1.07373709870197	1.073737098702	-1.07373709870199	1.07373709870199	-1.073737098702	1.07373709870199	-1.07373709870175	1.07373709870201	-1.073737098702	1.07373709870198	-1.073737098702	1.07373709870199	-1.073737098702	-1.16974906068581	-1.073737098702	-0.888499608087819	0.29769215238331	-0.0349777084632479
-0.662695341587152	0.662695341587156	-0.662695341587151	0.662695341587138	0.662695341587147	-0.662695341587153	0.662695341587149	-0.662695341587149	0.662695341587156	-0.662695341587186	0.66269534158715	-0.662695341587153	0.66269534158716	-0.662695341587151	0.662695341587151	-0.662695341587155	-0.727096292812742	-0.662695341587153	-0.796902804863337	-0.583285818226361	0.781693186701533
0.962833060370873	-0.962833060370859	0.962833060370864	-0.962833060370946	-0.962833060370865	0.962833060370859	-0.962833060370878	0.962833060370906	-0.962833060370851	0.962833060370871	-0.96283306037088	0.962833060370867	-0.962833060370852	0.962833060370872	-0.962833060370866	0.962833060370869	0.389198580868413	0.962833060370867	-1.21927723340429	-0.114451906862197	0.655624448724161
-0.267709873930166	0.267709873930168	-0.267709873930167	0.267709873930153	0.267709873930166	-0.267709873930165	0.267709873930166	-0.267709873930167	0.26770987393017	-0.267709873930172	0.267709873930168	-0.267709873930167	0.26770987393017	-0.267709873930167	0.267709873930167	-0.267709873930169	-0.553897375066555	-0.267709873930168	-1.09104589416548	0.524288864348461	0.296315875171033
-1.67768740777336	1.67768740777335	-1.67768740777336	1.67768740777347	1.67768740777337	-1.67768740777337	1.67768740777337	-1.67768740777337	1.67768740777336	-1.67768740777311	1.67768740777337	-1.67768740777336	1.67768740777334	-1.67768740777337	1.67768740777336	-1.67768740777337	-1.29815031114827	-1.67768740777336	-1.06858052546311	0.0344989437310713	0.412776859183677
0.777127855112044	-0.777127855112046	0.777127855112044	-0.777127855112	-0.777127855112042	0.777127855112047	-0.777127855112042	0.777127855112029	-0.777127855112049	0.777127855112028	-0.777127855112035	0.777127855112039	-0.77712785511206	0.777127855112039	-0.777127855112041	0.77712785511204	0.220093356550998	0.777127855112043	-0.963095652497774	-1.20088918970404	1.72781006933065
-0.51903238407839	0.519032384078394	-0.519032384078392	0.519032384078385	0.519032384078386	-0.51903238407839	0.51903238407839	-0.519032384078377	0.519032384078402	-0.519032384078435	0.519032384078389	-0.519032384078394	0.519032384078401	-0.519032384078391	0.519032384078392	-0.519032384078395	-1.12049610003793	-0.519032384078393	-1.15202964391258	0.533554053120329	0.467373719972197
-0.848911600510531	0.848911600510531	-0.848911600510529	0.848911600510501	0.848911600510527	-0.848911600510531	0.84891160051053	-0.848911600510524	0.848911600510536	-0.848911600510599	0.84891160051053	-0.848911600510532	0.848911600510531	-0.848911600510527	0.848911600510531	-0.848911600510534	-1.43040852406513	-0.848911600510531	-1.10499493086014	-0.010112325365153	0.775508598521912
0.114413034200872	-0.114413034200872	0.114413034200871	-0.114413034200869	-0.114413034200873	0.114413034200872	-0.114413034200872	0.114413034200874	-0.11441303420087	0.114413034200873	-0.114413034200872	0.114413034200869	-0.114413034200874	0.114413034200872	-0.114413034200872	0.114413034200871	-0.473479613149585	0.114413034200872	-1.13833261550314	-0.372025056420801	1.12192728241708
0.904525148893807	-0.9045251488938	0.904525148893807	-0.904525148893889	-0.904525148893806	0.9045251488938	-0.904525148893811	0.904525148893792	-0.904525148893815	0.90452514889378	-0.904525148893811	0.904525148893803	-0.904525148893794	0.90452514889381	-0.904525148893806	0.904525148893814	0.941720325970385	0.904525148893808	-1.21245219267563	0.53491642628952	0.858111693187803
-1.3209305836366	1.32093058363659	-1.32093058363658	1.32093058363659	1.3209305836366	-1.3209305836366	1.32093058363659	-1.32093058363663	1.32093058363657	-1.3209305836365	1.32093058363659	-1.32093058363658	1.3209305836366	-1.32093058363659	1.32093058363659	-1.32093058363659	-1.32633522436682	-1.32093058363659	-0.905139002322951	-0.36894972663551	0.837507567751724
-0.533559903876042	0.533559903876044	-0.533559903876041	0.533559903876016	0.53355990387604	-0.533559903876037	0.53355990387604	-0.533559903876046	0.533559903876044	-0.533559903876057	0.533559903876042	-0.533559903876043	0.533559903876046	-0.533559903876042	0.53355990387604	-0.533559903876044	-1.1138718626009	-0.533559903876043	-0.891433538977637	-0.958897975223886	1.11277082810245
1.1852567464467	-1.1852567464467	1.18525674644669	-1.18525674644668	-1.18525674644671	1.18525674644671	-1.1852567464467	1.1852567464467	-1.1852567464467	1.1852567464467	-1.18525674644669	1.18525674644671	-1.1852567464467	1.1852567464467	-1.18525674644671	1.18525674644669	0.867224081126914	1.1852567464467	-1.22195573191055	0.00571885820749654	0.935846177958729
-1.62532654768043	1.62532654768041	-1.62532654768042	1.62532654768038	1.62532654768043	-1.62532654768042	1.62532654768043	-1.62532654768043	1.62532654768041	-1.62532654768071	1.62532654768043	-1.62532654768042	1.6253265476804	-1.62532654768043	1.62532654768042	-1.62532654768042	-1.01919082376064	-1.62532654768042	-1.1864421951385	0.357568577601036	-0.0244304830230576
-0.454727724996612	0.454727724996605	-0.454727724996611	0.454727724996631	0.454727724996604	-0.454727724996609	0.454727724996608	-0.45472772499661	0.454727724996608	-0.45472772499649	0.454727724996608	-0.454727724996612	0.454727724996612	-0.454727724996609	0.454727724996608	-0.454727724996606	-0.554373267620842	-0.454727724996609	-0.855830459996608	-0.833132147417276	1.62237285434945
1.49995449215624	-1.49995449215624	1.49995449215625	-1.49995449215628	-1.49995449215625	1.49995449215625	-1.49995449215625	1.49995449215627	-1.49995449215624	1.4999544921564	-1.49995449215624	1.49995449215625	-1.49995449215626	1.49995449215625	-1.49995449215624	1.49995449215625	1.31309542603842	1.49995449215624	-1.17019081485092	-0.0536323524752745	1.50560548981816
-1.44551958872028	1.44551958872029	-1.44551958872029	1.44551958872014	1.44551958872028	-1.44551958872029	1.44551958872027	-1.44551958872026	1.44551958872029	-1.44551958872019	1.44551958872027	-1.4455195887203	1.44551958872026	-1.44551958872028	1.44551958872028	-1.44551958872028	-1.10131112841494	-1.44551958872028	-1.14779549146728	0.302759535145184	0.368857198313743
-0.532706170297279	0.532706170297288	-0.532706170297289	0.532706170297226	0.53270617029728	-0.532706170297283	0.532706170297281	-0.53270617029727	0.53270617029729	-0.532706170297413	0.532706170297283	-0.532706170297281	0.53270617029728	-0.532706170297282	0.532706170297284	-0.532706170297284	-1.05356512349314	-0.532706170297283	-1.13932489480783	-0.317854624252212	1.27830870178189
1.42218894390783	-1.42218894390784	1.42218894390783	-1.4221889439077	-1.42218894390783	1.42218894390782	-1.42218894390782	1.42218894390783	-1.42218894390782	1.42218894390778	-1.42218894390783	1.42218894390782	-1.42218894390783	1.42218894390783	-1.42218894390783	1.42218894390783	1.19155015610156	1.42218894390783	-1.25406671283352	0.180251236645271	0.981334113306256
-0.740329467469605	0.740329467469614	-0.740329467469607	0.740329467469631	0.740329467469601	-0.740329467469602	0.740329467469611	-0.740329467469609	0.740329467469605	-0.74032946746959	0.740329467469605	-0.740329467469602	0.740329467469612	-0.740329467469603	0.740329467469603	-0.740329467469612	-0.921344177069843	-0.740329467469605	-1.14261330177799	0.456806695467238	0.377788844554479
-0.794269546313615	0.79426954631361	-0.794269546313612	0.794269546313572	0.794269546313599	-0.794269546313609	0.794269546313608	-0.794269546313602	0.794269546313619	-0.794269546313476	0.794269546313607	-0.794269546313615	0.794269546313622	-0.794269546313609	0.794269546313608	-0.79426954631361	-0.941137676243408	-0.794269546313613	-0.967004798817492	-0.107163963764198	1.18599494426228
0.414867297340999	-0.414867297341001	0.414867297341	-0.414867297341046	-0.414867297341004	0.414867297340999	-0.414867297341005	0.414867297341013	-0.414867297340993	0.414867297340988	-0.414867297341003	0.414867297340999	-0.414867297341002	0.414867297341	-0.414867297341003	0.414867297341001	0.00773349504323194	0.414867297341	-1.31174165415637	0.0983601705069001	1.0996039346682
0.13646348591957	-0.13646348591957	0.136463485919571	-0.136463485919574	-0.136463485919571	0.13646348591957	-0.136463485919569	0.136463485919569	-0.136463485919571	0.136463485919548	-0.136463485919571	0.136463485919567	-0.13646348591957	0.136463485919569	-0.136463485919569	0.13646348591957	-0.295761003630802	0.136463485919569	-1.08199513635923	0.547081194327234	0.941181116442631
-1.17987632036424	1.17987632036424	-1.17987632036423	1.17987632036433	1.17987632036423	-1.17987632036424	1.17987632036424	-1.17987632036423	1.17987632036423	-1.17987632036407	1.17987632036422	-1.17987632036424	1.17987632036424	-1.17987632036423	1.17987632036423	-1.17987632036423	-0.649952788526406	-1.17987632036423	-1.18445665061562	0.298187465234892	0.349599619882344
0.55912528758284	-0.559125287582838	0.559125287582838	-0.559125287582886	-0.559125287582841	0.559125287582837	-0.559125287582849	0.559125287582863	-0.559125287582826	0.55912528758295	-0.559125287582845	0.559125287582838	-0.559125287582835	0.559125287582843	-0.559125287582841	0.55912528758284	0.283661539686139	0.559125287582841	-1.06940314133666	-0.551967783160359	1.87191242635015
1.30205258314698	-1.30205258314698	1.30205258314698	-1.30205258314694	-1.30205258314698	1.30205258314699	-1.30205258314698	1.30205258314696	-1.30205258314699	1.30205258314689	-1.30205258314699	1.30205258314699	-1.30205258314696	1.30205258314698	-1.30205258314698	1.30205258314698	0.473660320098548	1.30205258314698	-1.07400817808687	0.250898756563771	1.4473138336077
-1.52081985406755	1.52081985406754	-1.52081985406755	1.52081985406747	1.52081985406756	-1.52081985406754	1.52081985406755	-1.52081985406756	1.52081985406755	-1.52081985406771	1.52081985406755	-1.52081985406755	1.52081985406753	-1.52081985406755	1.52081985406756	-1.52081985406755	-1.20677776353549	-1.52081985406755	-1.19719130082897	0.669039797653535	0.371520766541165
-0.577618744708486	0.57761874470849	-0.577618744708483	0.577618744708453	0.577618744708489	-0.577618744708486	0.57761874470848	-0.577618744708474	0.577618744708492	-0.577618744708383	0.577618744708484	-0.577618744708483	0.577618744708492	-0.577618744708486	0.577618744708487	-0.577618744708486	-1.2512934036951	-0.577618744708486	-0.783258633341374	-0.609688196744678	1.69255138468649
1.45845724869279	-1.45845724869281	1.45845724869279	-1.45845724869268	-1.45845724869281	1.4584572486928	-1.45845724869279	1.45845724869278	-1.4584572486928	1.45845724869301	-1.45845724869279	1.45845724869279	-1.45845724869281	1.45845724869279	-1.4584572486928	1.45845724869279	0.792133397520409	1.4584572486928	-1.25285986685746	0.246597498492034	1.63955981830408
-1.51142270431922	1.5114227043192	-1.51142270431919	1.51142270431925	1.51142270431921	-1.51142270431919	1.5114227043192	-1.51142270431924	1.5114227043192	-1.51142270431918	1.51142270431922	-1.51142270431918	1.51142270431924	-1.51142270431921	1.51142270431921	-1.51142270431921	-1.42800454706367	-1.5114227043192	-1.0878412644997	0.523091991612428	0.591040866071058
-0.650177549265301	0.650177549265303	-0.650177549265304	0.650177549265291	0.650177549265299	-0.650177549265297	0.650177549265299	-0.650177549265292	0.650177549265304	-0.65017754926516	0.650177549265296	-0.650177549265297	0.65017754926529	-0.650177549265298	0.650177549265297	-0.650177549265304	-1.13381006677257	-0.650177549265299	-1.14186480209591	0.025964317183261	1.2443610361389
1.02337337205021	-1.02337337205021	1.02337337205021	-1.0233733720502	-1.0233733720502	1.02337337205021	-1.02337337205021	1.02337337205022	-1.0233733720502	1.02337337205006	-1.02337337205022	1.02337337205022	-1.02337337205019	1.02337337205021	-1.02337337205022	1.02337337205022	0.883754145089449	1.02337337205021	-1.29285282446576	0.355494001362601	1.14418818362952
-1.00498560440131	1.00498560440131	-1.00498560440132	1.00498560440147	1.0049856044013	-1.0049856044013	1.00498560440132	-1.00498560440133	1.00498560440131	-1.00498560440122	1.00498560440131	-1.0049856044013	1.00498560440132	-1.00498560440131	1.00498560440131	-1.00498560440131	-0.831187823095171	-1.00498560440131	-1.13265426945781	0.619139721087617	0.556007264320942
-0.450603997543214	0.450603997543215	-0.450603997543215	0.450603997543219	0.450603997543211	-0.450603997543214	0.450603997543214	-0.450603997543212	0.45060399754322	-0.450603997543229	0.450603997543216	-0.450603997543219	0.450603997543218	-0.450603997543215	0.450603997543215	-0.450603997543218	-0.679698563059285	-0.450603997543216	-1.09041824455571	-0.367390776827386	1.1882798410639
0.724291572966486	-0.724291572966479	0.724291572966481	-0.724291572966516	-0.724291572966484	0.724291572966485	-0.724291572966485	0.724291572966499	-0.724291572966483	0.72429157296643	-0.724291572966487	0.724291572966498	-0.724291572966486	0.724291572966488	-0.72429157296649	0.724291572966487	0.0453006253715545	0.724291572966487	-1.22213341544176	-0.281064272799326	1.42994916489521
0.0481777777424329	-0.0481777777424326	0.048177777742433	-0.0481777777424308	-0.0481777777424346	0.0481777777424332	-0.0481777777424329	0.0481777777424338	-0.0481777777424327	0.0481777777424288	-0.0481777777424333	0.048177777742433	-0.0481777777424323	0.0481777777424337	-0.0481777777424334	0.0481777777424328	-0.195537184075661	0.0481777777424331	-1.16388234816252	0.761248271593994	0.672828915055005
-0.820623778936953	0.820623778936955	-0.820623778936949	0.820623778936895	0.820623778936947	-0.820623778936945	0.820623778936948	-0.820623778936947	0.820623778936954	-0.82062377893704	0.820623778936944	-0.820623778936946	0.820623778936965	-0.820623778936947	0.820623778936953	-0.82062377893695	-0.72942436425092	-0.820623778936951	-1.27998720872804	0.182284124395081	0.864221367131724
0.117079960361571	-0.117079960361571	0.11707996036157	-0.117079960361585	-0.117079960361573	0.117079960361573	-0.117079960361572	0.117079960361575	-0.117079960361568	0.117079960361554	-0.117079960361571	0.117079960361571	-0.117079960361571	0.117079960361571	-0.117079960361571	0.11707996036157	-0.204223485068219	0.117079960361571	-1.19677816652923	-0.256761639711168	1.23107514148843
1.12305510196989	-1.12305510196987	1.12305510196986	-1.12305510196981	-1.12305510196988	1.12305510196987	-1.12305510196986	1.12305510196987	-1.12305510196986	1.12305510196977	-1.12305510196987	1.12305510196986	-1.1230551019699	1.12305510196987	-1.12305510196988	1.12305510196986	1.06488906937215	1.12305510196987	-1.14713389036328	0.360415362506329	1.49850218976175
-1.16265155205633	1.16265155205632	-1.16265155205633	1.16265155205632	1.16265155205633	-1.16265155205633	1.16265155205633	-1.16265155205634	1.16265155205633	-1.16265155205633	1.16265155205634	-1.16265155205633	1.1626515520563	-1.16265155205633	1.16265155205634	-1.16265155205634	-0.347733013146421	-1.16265155205633	-1.18935755644952	0.245935239515027	0.715157032612742
0.165637083815066	-0.165637083815067	0.165637083815066	-0.165637083815065	-0.165637083815067	0.165637083815066	-0.165637083815067	0.165637083815071	-0.165637083815067	0.165637083815002	-0.165637083815067	0.165637083815069	-0.165637083815065	0.165637083815067	-0.165637083815068	0.165637083815067	-0.657557837522935	0.165637083815067	-0.798142509341643	-0.415943085391816	2.46070174244358
1.78926483213319	-1.78926483213321	1.7892648321332	-1.78926483213319	-1.78926483213318	1.78926483213318	-1.78926483213318	1.78926483213316	-1.7892648321332	1.78926483213301	-1.78926483213321	1.78926483213322	-1.78926483213319	1.7892648321332	-1.7892648321332	1.78926483213319	1.73862059364581	1.7892648321332	-1.15267804836247	1.21602484525276	1.58634288722757
-1.22209751212116	1.22209751212115	-1.22209751212115	1.22209751212118	1.22209751212117	-1.22209751212115	1.22209751212116	-1.2220975121212	1.22209751212113	-1.22209751212109	1.22209751212116	-1.22209751212116	1.22209751212115	-1.22209751212116	1.22209751212116	-1.22209751212115	-1.05525225063645	-1.22209751212116	-0.907147503762651	1.85402963140862	0.803215232918052
-1.33415236497237	1.33415236497238	-1.33415236497237	1.33415236497237	1.33415236497238	-1.33415236497238	1.33415236497237	-1.33415236497239	1.33415236497238	-1.33415236497207	1.33415236497238	-1.33415236497238	1.33415236497237	-1.33415236497238	1.33415236497237	-1.33415236497238	-1.63021336693079	-1.33415236497238	-0.409309453304662	0.758234288122583	1.72059383446795
0.853117437901123	-0.853117437901114	0.853117437901128	-0.853117437901203	-0.853117437901119	0.85311743790112	-0.853117437901123	0.853117437901135	-0.853117437901117	0.853117437901003	-0.853117437901125	0.85311743790112	-0.853117437901105	0.853117437901122	-0.853117437901121	0.853117437901122	0.637253662884669	0.853117437901121	-0.996190005075091	1.10755510769131	1.52891085751592
-0.227196276988848	0.227196276988846	-0.227196276988848	0.227196276988855	0.227196276988847	-0.227196276988847	0.227196276988849	-0.227196276988849	0.227196276988849	-0.227196276988813	0.227196276988848	-0.227196276988848	0.227196276988848	-0.227196276988848	0.227196276988848	-0.227196276988849	0.173876972120967	-0.227196276988848	-0.928532621345167	1.95329583145001	0.697970406604549
-1.26962934801073	1.26962934801073	-1.26962934801073	1.26962934801069	1.26962934801073	-1.26962934801073	1.26962934801073	-1.26962934801074	1.26962934801072	-1.26962934801057	1.26962934801072	-1.26962934801073	1.26962934801075	-1.26962934801073	1.26962934801073	-1.26962934801072	-1.0532775545899	-1.26962934801073	-0.884243209121819	1.07069907127786	1.59921859677805
-0.198384531323429	0.198384531323432	-0.198384531323431	0.198384531323405	0.198384531323429	-0.198384531323428	0.198384531323428	-0.198384531323428	0.198384531323432	-0.198384531323475	0.19838453132343	-0.198384531323429	0.198384531323431	-0.19838453132343	0.198384531323432	-0.198384531323431	-0.854395402875776	-0.19838453132343	-0.827326662019962	0.712428456161888	2.0000019723255
1.30161047022512	-1.30161047022512	1.30161047022512	-1.30161047022522	-1.30161047022513	1.30161047022513	-1.30161047022513	1.30161047022513	-1.30161047022511	1.30161047022514	-1.30161047022513	1.30161047022512	-1.30161047022512	1.30161047022512	-1.30161047022512	1.30161047022513	1.50698399598969	1.30161047022512	-0.780278574730657	1.36249370282106	1.78378707113857
-1.33524872247142	1.33524872247143	-1.33524872247141	1.33524872247141	1.33524872247141	-1.33524872247142	1.33524872247141	-1.33524872247141	1.33524872247142	-1.3352487224714	1.33524872247141	-1.33524872247141	1.33524872247144	-1.33524872247141	1.33524872247142	-1.33524872247142	-0.731513703971449	-1.33524872247141	-0.885295842784651	1.59250450231843	1.13343607441125
-0.525850749483882	0.52585074948389	-0.525850749483885	0.525850749483824	0.525850749483889	-0.525850749483888	0.525850749483882	-0.52585074948388	0.52585074948389	-0.525850749483995	0.525850749483884	-0.525850749483889	0.525850749483893	-0.525850749483885	0.525850749483887	-0.525850749483889	-0.694782482459402	-0.525850749483887	-0.684068544665387	1.01934125468286	1.92112905927354
1.31097861840941	-1.31097861840942	1.31097861840943	-1.31097861840942	-1.31097861840941	1.31097861840942	-1.31097861840941	1.31097861840938	-1.31097861840944	1.3109786184093	-1.31097861840942	1.31097861840942	-1.31097861840941	1.31097861840941	-1.31097861840942	1.31097861840942	0.748961335530705	1.31097861840942	-0.803833724629588	1.20246134663847	2.03019028930473
-0.515861578920986	0.515861578920985	-0.51586157892099	0.515861578920986	0.515861578920978	-0.515861578920979	0.515861578920986	-0.515861578920965	0.515861578920992	-0.515861578920973	0.515861578920983	-0.515861578920988	0.515861578920977	-0.515861578920983	0.515861578920984	-0.515861578920983	-0.283954774799174	-0.515861578920985	-0.822334490388224	1.83166395972039	1.25879085075657
-0.92182641411502	0.921826414115021	-0.921826414115021	0.92182641411506	0.921826414115022	-0.921826414115025	0.921826414115018	-0.921826414115012	0.921826414115025	-0.921826414114914	0.921826414115015	-0.921826414115016	0.921826414115026	-0.921826414115017	0.921826414115017	-0.921826414115015	-0.941648672529668	-0.921826414115019	-0.800493357803979	1.11111104322381	1.41577030982684
0.106308349739736	-0.106308349739733	0.106308349739734	-0.106308349739748	-0.106308349739738	0.106308349739735	-0.106308349739735	0.106308349739739	-0.106308349739732	0.106308349739731	-0.106308349739736	0.106308349739733	-0.106308349739734	0.106308349739736	-0.106308349739735	0.106308349739735	-0.278986485383495	0.106308349739735	-0.821535998136316	1.02771348895874	1.78052279101196
1.3449383536092	-1.34493835360921	1.34493835360923	-1.34493835360915	-1.3449383536092	1.34493835360921	-1.34493835360921	1.34493835360917	-1.34493835360923	1.34493835360961	-1.3449383536092	1.34493835360921	-1.3449383536092	1.3449383536092	-1.34493835360921	1.34493835360921	1.12600442760241	1.34493835360921	-1.03794935150142	1.53558662324454	1.51982231696154
-1.0672237499869	1.0672237499869	-1.06722374998691	1.06722374998697	1.06722374998691	-1.0672237499869	1.0672237499869	-1.06722374998689	1.06722374998692	-1.06722374998702	1.06722374998691	-1.0672237499869	1.0672237499869	-1.06722374998691	1.06722374998691	-1.06722374998691	-0.859589636248382	-1.06722374998691	-0.982485260367378	1.69034806297073	1.01243322497867
-0.728538610502487	0.72853861050249	-0.728538610502491	0.72853861050248	0.72853861050249	-0.728538610502494	0.728538610502489	-0.728538610502468	0.728538610502495	-0.728538610502623	0.728538610502486	-0.728538610502488	0.728538610502494	-0.728538610502484	0.728538610502489	-0.728538610502488	-0.542387114671834	-0.728538610502487	-0.872584210232353	1.16188425071103	1.4460294788748
0.876418243370022	-0.876418243370016	0.876418243370024	-0.876418243370007	-0.876418243370018	0.876418243370019	-0.876418243370022	0.876418243370013	-0.876418243370023	0.876418243370092	-0.876418243370021	0.876418243370022	-0.876418243370015	0.876418243370021	-0.876418243370023	0.87641824337002	-0.0366071989082666	0.87641824337002	-0.904453334795571	1.45608132990523	1.73149015013787
-0.911126838991334	0.911126838991344	-0.911126838991338	0.911126838991332	0.911126838991338	-0.911126838991339	0.911126838991337	-0.911126838991313	0.911126838991349	-0.911126838991419	0.911126838991338	-0.911126838991339	0.911126838991339	-0.911126838991337	0.911126838991338	-0.911126838991341	-0.857424340347519	-0.91112683899134	-0.823859302665114	1.62913337437368	1.03233168110614
-0.482084008851105	0.482084008851101	-0.482084008851105	0.482084008851072	0.482084008851103	-0.482084008851103	0.482084008851104	-0.482084008851104	0.482084008851107	-0.482084008851167	0.482084008851106	-0.482084008851106	0.482084008851105	-0.482084008851105	0.482084008851103	-0.482084008851106	-0.728013702679243	-0.482084008851105	-0.759514013440894	1.30871762321636	1.80069570810716
0.284687245690467	-0.284687245690475	0.284687245690465	-0.284687245690446	-0.284687245690473	0.28468724569047	-0.284687245690467	0.284687245690474	-0.284687245690468	0.284687245690524	-0.284687245690471	0.28468724569047	-0.28468724569047	0.284687245690472	-0.28468724569047	0.284687245690471	-0.431880061226818	0.28468724569047	-0.93491870211834	1.2716243778704	1.8719567699572
