-1.12621871355201
-0.953815017470567
0.569282045822623
-0.595212200969465
-1.08210875719891
-1.04922065538635
-0.307156807906214
-0.440024846287429
-0.858707123350285
0.516356419074508
2.45961579457626
2.44255151767115
1.52209798253801
1.14363079415492
1.61645449378247
0.541583737857163
1.04327109092414
1.28850080068351
1.07161273521791
-0.330356847390276
0.32899310202998
1.26322019289495
0.832289226930075
0.196877757329404
1.02333654154668
1.18493409869234
0.103488330911356
0.418954710577174
1.19180926069054
0.580294971576765
-0.1071259635489
1.04391485021602
1.26676635395789
0.308287972266732
0.489072862663029
1.00748715578793
1.38136493956717
0.305643608963017
0.275725257397351
1.31178744364443
0.968056248930169
0.344457277093141
-0.0339153154347801
-1.40633990514154
-2.36328732901247
-1.23926195235451
-0.614074554124314
-0.972606744373554
-0.506989426230434
-0.338728807221249
-0.378513576140148
-1.31995694537346
-0.966493139359501
-0.58609409200409
0.0991292493200204
-1.21586655691928
-1.83756273955667
-1.63025594704235
-1.61813621804348
-1.51901496924296
-0.818015101503002
-1.67524992008304
-0.975267817704557
-1.10389338032204
-1.42493754441322
-1.91381965597214
-2.08077760314156
-1.8912811870797
-1.30683739057798
0.275724372880886
-0.555197368457459
-1.46041039986245
-1.69478709073292
-2.05857336639229
-1.8061105869283
-1.59667071365326
-1.32557764566383
-0.723188664804218
-1.01763293536332
-1.39295114651666
-1.48649610088598
-1.48516331609225
-1.03302376412264
-1.09472204657173
-1.03271237869858
-1.87311072043169
-1.20027136945574
-0.457814169615851
-0.458587992568327
-0.988731283293824
-0.160040364921532
0.492120755870342
-0.40994422918711
-0.9776556079097
-1.24430708718303
0.142535413964974
0.409890995827964
0.656704264538442
-0.0808739308583921
1.09891700619586
0.22623534736945
0.449494934601913
1.01306683656494
0.367264002821295
0.224271643777991
0.332704075887123
0.979225284458175
0.0975573632173135
1.1802649974676
2.13954285986693
2.13975881664703
0.0268956911518082
0.537313178703237
1.21475159344491
1.25962457966742
0.473910518329296
0.0997408176324067
0.928428274317716
0.200200022959465
-0.141242789549072
0.734640943514207
1.13273420691021
0.127628161664285
0.5911074075704
0.212901295428042
1.49186437838424
2.8011589944984
1.91889103042589
1.85152163546471
1.5332157850983
1.2908408258241
0.0981838935128422
-0.93047823372132
-0.951577789105381
-1.34430644079682
-1.22709495598166
-0.423327397217466
-1.66172358630238
-1.8812856216091
-1.11335308560994
-1.55666490983021
-1.93313088177383
-0.677981802237572
-0.505796575385728
-0.175418355929471
-0.61515455055617
-1.34097582364843
-1.05541990357563
-0.682708221698696
-0.917421966718854
-0.467086141181738
-1.27829854804439
-1.00609186387142
-0.545444324540771
-0.252313945842578
-0.279354616001706
-1.09165350244116
-0.834641012520656
-0.0946918896239493
1.0267610236872
-0.101466314393955
-0.0923350751802298
0.0406887327673906
0.158825021394059
0.161183521561595
-0.441049665866684
0.0161260474732216
0.805008359802372
-0.035888899857168
-0.523953920439692
-0.31865426075966
0.222365363514318
0.126974838654261
-1.17579069197743
-0.127260380841597
0.575469872907344
-0.387863855806202
-0.461231610340357
0.0888272097844583
0.817270020454479
-0.0165732608918947
0.0827825543199805
0.611529460207993
0.846109261570074
0.00225139963286238
-0.191823225430278
-0.013835935175136
0.334904061796744
-0.518953932317412
-0.4292813893925
0.170583087616344
0.561342053355379
-0.261703500885572
-0.414196858320231
0.629617734552188
-0.153764346003259
-0.668950566365713
0.46908021435067
0.29769215238331
-0.583285818226361
-0.114451906862197
0.524288864348461
0.0344989437310713
-1.20088918970404
0.533554053120329
-0.010112325365153
-0.372025056420801
0.53491642628952
-0.36894972663551
-0.958897975223886
0.00571885820749654
0.357568577601036
-0.833132147417276
-0.0536323524752745
0.302759535145184
-0.317854624252212
0.180251236645271
0.456806695467238
-0.107163963764198
0.0983601705069001
0.547081194327234
0.298187465234892
-0.551967783160359
0.250898756563771
0.669039797653535
-0.609688196744678
0.246597498492034
0.523091991612428
0.025964317183261
0.355494001362601
0.619139721087617
-0.367390776827386
-0.281064272799326
0.761248271593994
0.182284124395081
-0.256761639711168
0.360415362506329
0.245935239515027
-0.415943085391816
1.21602484525276
1.85402963140862
0.758234288122583
1.10755510769131
1.95329583145001
1.07069907127786
0.712428456161888
1.36249370282106
1.59250450231843
1.01934125468286
1.20246134663847
1.83166395972039
1.11111104322381
1.02771348895874
1.53558662324454
1.69034806297073
1.16188425071103
1.45608132990523
1.62913337437368
1.30871762321636
1.2716243778704
