-0.637140308373584
0.725759624880566
1.02675428838243
-1.26609668640918
-0.116352128161042
0.95626780774481
0.0799874305147018
-0.581060497056044
0.00924141797454739
1.96080417811527
0.873889431300315
-1.62931365845821
-0.230879920526969
1.40383473970353
-1.17290419975211
-0.234338860452632
0.229492070707654
1.73863119101696
-1.26973041404304
-0.0412803502449031
1.46992949416718
0.376042700490667
-1.30445442064582
0.391529723355081
1.59443098428121
-1.01601931035324
-0.31520158568767
1.17408304422537
0.232913471023894
-1.10982719380918
0.212365158714339
1.63514994139424
-0.88912407012655
-0.439829747331982
0.326208659074515
0.722613706332185
-0.940578195673802
-0.221292575603133
0.662745495847117
0.937212452897474
-0.795364397275315
0.0892360083948473
1.64760239829056
-2.00892687465561
0.0865630399403813
1.86672762055942
-0.408728921534459
-0.207580794347352
0.325974108344932
1.25256435806423
-1.03921636208466
0.275609223903323
1.75325138280202
2.87584532606606
1.05005330096157
-0.770910606490247
-1.50063642448446
-1.39335585037707
-1.04942295485068
-0.218906807661614
-0.548841442800647
0.398940042264364
1.51125938792227
1.64016249141965
0.843293076542642
-0.897082099098925
-1.31548321897634
-1.11446028261907
1.59334569219565
2.41330081223945
-0.214583173064372
-0.521169403010568
-1.23181362092322
-1.28657451387837
-0.868677653536542
-0.317823441905714
0.683047806200369
0.607793103079259
-0.738900226900698
-0.279676197110401
0.0884963042837474
0.0157553259431609
0.852070229506139
0.821052380558757
-1.16139096994557
-0.0954521822467909
0.61251626976159
0.260330963323823
-0.569439195475459
0.162035103116627
1.62994616789585
0.96290184941602
-1.2810295364465
-1.16638221596457
0.608734908270135
0.323516635943491
-0.204205670586792
-0.15609196900024
1.17143650242997
-0.727349299627642
-0.0509858428296775
0.652364071601788
-0.17657946261472
-0.413444018727817
0.29565160574698
1.37345728799425
-0.904845185273376
-0.294399696637153
0.83193611411989
0.719264655188
-1.3635022435009
0.052678759420225
1.40288054123641
-0.0800089453124309
-1.15671549336745
-0.412801306372218
1.44751653819202
-0.343040083280254
-0.511337240808867
0.309888483442223
1.4855187125944
-1.25673693456586
-0.347816733703421
1.92571391979142
1.95795519325793
1.99369739540533
-1.68191577794995
-1.30671554539684
-0.525980913553827
-0.839341353782893
-1.03082044610394
-0.724395478137665
-0.324993950835367
-0.667100883938525
0.613520722092124
1.66167158162348
-1.12504610216778
-1.04142455931903
0.377548395865473
1.07585113185188
-1.32167657946586
-0.347241528015544
-0.00541278311803848
1.39854406855744
0.369298087670051
-1.17496433278952
-0.515858986866206
-0.205969053445847
-0.582129025598036
1.0105293288105
-0.982575086003945
-0.823744107354274
-0.17016815907814
1.58916581909814
0.648921266767464
-0.774269483575638
-1.02379598497646
0.269132124860501
1.96534454815501
-0.928032999479936
-1.25847369089543
0.118051121825988
0.00530407648782954
1.39675246376595
-0.888993963259565
-0.255722708116597
0.215549062303112
0.0799562779810848
-0.915916934854117
-0.258841953962913
0.679743332359388
1.24004379730981
-1.17773518352508
0.166943051719279
0.855083876329866
0.0808156786036642
-0.633407615231793
-0.293533622316816
1.91808890099933
-1.04480554068717
-1.09352833787514
-0.249072763159604
1.15652022448998
-0.948850221606872
-0.906611132312463
-0.109209290800465
1.22135887771468
-0.0125710836699441
-0.683367059917546
0.201182137233696
1.3097300485933
-0.849095805819524
-0.612868358043341
1.72752942035091
0.286830874532235
-1.48761645614465
-0.0171550559812006
1.696221556208
-1.07373709870199
-0.662695341587153
0.962833060370859
-0.267709873930165
-1.67768740777337
0.777127855112047
-0.51903238407839
-0.848911600510531
0.114413034200872
0.9045251488938
-1.3209305836366
-0.533559903876037
1.18525674644671
-1.62532654768042
-0.454727724996609
1.49995449215625
-1.44551958872029
-0.532706170297283
1.42218894390782
-0.740329467469602
-0.794269546313609
0.414867297340999
0.13646348591957
-1.17987632036424
0.559125287582837
1.30205258314699
-1.52081985406754
-0.577618744708486
1.4584572486928
-1.51142270431919
-0.650177549265297
1.02337337205021
-1.0049856044013
-0.450603997543214
0.724291572966485
0.0481777777424332
-0.820623778936945
0.117079960361573
1.12305510196987
-1.16265155205633
0.165637083815066
1.78926483213318
-1.22209751212115
-1.33415236497238
0.85311743790112
-0.227196276988847
-1.26962934801073
-0.198384531323428
1.30161047022513
-1.33524872247142
-0.525850749483888
1.31097861840942
-0.515861578920979
-0.921826414115025
0.106308349739735
1.34493835360921
-1.0672237499869
-0.728538610502494
0.876418243370019
-0.911126838991339
-0.482084008851103
0.28468724569047
