0.637140308373583
-0.725759624880547
-1.02675428838238
1.2660966864091
0.116352128161047
-0.956267807744793
-0.0799874305146992
0.581060497056038
-0.00924141797454845
-1.96080417811522
-0.873889431300227
1.62931365845813
0.230879920526979
-1.4038347397036
1.1729041997521
0.23433886045264
-0.229492070707619
-1.73863119101692
1.2697304140429
0.0412803502449026
-1.4699294941671
-0.376042700490649
1.30445442064574
-0.391529723355097
-1.59443098428115
1.01601931035305
0.315201585687649
-1.17408304422536
-0.232913471023897
1.10982719380915
-0.212365158714314
-1.63514994139417
0.889124070126418
0.439829747331965
-0.326208659074503
-0.722613706332225
0.940578195673823
0.221292575603123
-0.662745495847122
-0.937212452897446
0.795364397275377
-0.0892360083948571
-1.64760239829064
2.00892687465565
-0.0865630399403948
-1.86672762055958
0.408728921534446
0.207580794347354
-0.325974108344939
-1.25256435806421
1.03921636208463
-0.27560922390336
-1.75325138280185
-2.87584532606616
-1.05005330096156
0.770910606490222
1.50063642448455
1.39335585037711
1.04942295485067
0.218906807661624
0.548841442800635
-0.398940042264359
-1.51125938792225
-1.64016249141975
-0.843293076542632
0.897082099098902
1.31548321897638
1.11446028261909
-1.59334569219565
-2.41330081223939
0.214583173064381
0.521169403010557
1.23181362092315
1.28657451387822
0.868677653536525
0.317823441905714
-0.68304780620033
-0.60779310307932
0.738900226900674
0.279676197110405
-0.0884963042837628
-0.0157553259431603
-0.852070229506132
-0.821052380558733
1.16139096994558
0.0954521822467857
-0.61251626976161
-0.260330963323832
0.569439195475506
-0.162035103116616
-1.62994616789593
-0.962901849415884
1.28102953644657
1.16638221596477
-0.608734908270199
-0.323516635943478
0.204205670586809
0.156091969000221
-1.17143650243003
0.727349299627648
0.0509858428296752
-0.652364071601824
0.176579462614709
0.413444018727797
-0.295651605746981
-1.3734572879942
0.904845185273404
0.294399696637156
-0.831936114119858
-0.719264655187997
1.36350224350097
-0.0526787594202336
-1.40288054123635
0.0800089453124278
1.15671549336757
0.412801306372203
-1.44751653819205
0.343040083280265
0.511337240808903
-0.309888483442222
-1.48551871259435
1.25673693456596
0.347816733703429
-1.92571391979159
-1.95795519325793
-1.99369739540527
1.68191577794994
1.30671554539676
0.525980913553817
0.839341353782995
1.03082044610402
0.724395478137706
0.324993950835378
0.667100883938545
-0.613520722092093
-1.6616715816234
1.12504610216775
1.04142455931904
-0.377548395865489
-1.07585113185188
1.32167657946585
0.347241528015563
0.00541278311803677
-1.39854406855758
-0.369298087670081
1.17496433278951
0.515858986866251
0.205969053445842
0.582129025598055
-1.01052932881064
0.982575086003891
0.823744107354287
0.170168159078147
-1.58916581909802
-0.648921266767543
0.774269483575656
1.02379598497647
-0.269132124860486
-1.96534454815519
0.928032999479898
1.25847369089554
-0.118051121825984
-0.00530407648783129
-1.39675246376599
0.888993963259516
0.255722708116604
-0.215549062303121
-0.0799562779810737
0.915916934854159
0.258841953962894
-0.679743332359461
-1.24004379730979
1.17773518352508
-0.166943051719271
-0.855083876329752
-0.080815678603659
0.633407615231785
0.2935336223168
-1.91808890099921
1.04480554068726
1.09352833787515
0.249072763159603
-1.15652022449011
0.948850221606827
0.906611132312481
0.109209290800464
-1.22135887771461
0.0125710836699425
0.683367059917556
-0.201182137233704
-1.30973004859325
0.849095805819489
0.61286835804333
-1.72752942035101
-0.286830874532263
1.48761645614465
0.0171550559811966
-1.69622155620788
1.07373709870197
0.662695341587138
-0.962833060370946
0.267709873930153
1.67768740777347
-0.777127855112
0.519032384078385
0.848911600510501
-0.114413034200869
-0.904525148893889
1.32093058363659
0.533559903876016
-1.18525674644668
1.62532654768038
0.454727724996631
-1.49995449215628
1.44551958872014
0.532706170297226
-1.4221889439077
0.740329467469631
0.794269546313572
-0.414867297341046
-0.136463485919574
1.17987632036433
-0.559125287582886
-1.30205258314694
1.52081985406747
0.577618744708453
-1.45845724869268
1.51142270431925
0.650177549265291
-1.0233733720502
1.00498560440147
0.450603997543219
-0.724291572966516
-0.0481777777424308
0.820623778936895
-0.117079960361585
-1.12305510196981
1.16265155205632
-0.165637083815065
-1.78926483213319
1.22209751212118
1.33415236497237
-0.853117437901203
0.227196276988855
1.26962934801069
0.198384531323405
-1.30161047022522
1.33524872247141
0.525850749483824
-1.31097861840942
0.515861578920986
0.92182641411506
-0.106308349739748
-1.34493835360915
1.06722374998697
0.72853861050248
-0.876418243370007
0.911126838991332
0.482084008851072
-0.284687245690446
