0.637140308373586
-0.72575962488055
-1.02675428838244
1.26609668640918
0.116352128161041
-0.956267807744795
-0.079987430514698
0.581060497056043
-0.0092414179745468
-1.96080417811527
-0.873889431300324
1.6293136584582
0.230879920526968
-1.40383473970354
1.17290419975212
0.234338860452631
-0.229492070707648
-1.73863119101698
1.26973041404303
0.0412803502449041
-1.46992949416719
-0.376042700490661
1.3044544206458
-0.391529723355085
-1.59443098428123
1.01601931035325
0.315201585687667
-1.17408304422538
-0.232913471023892
1.1098271938092
-0.212365158714335
-1.63514994139424
0.889124070126561
0.439829747331972
-0.326208659074509
-0.72261370633218
0.940578195673814
0.221292575603133
-0.662745495847129
-0.937212452897491
0.79536439727533
-0.0892360083948465
-1.64760239829058
2.00892687465558
-0.0865630399403807
-1.8667276205594
0.408728921534461
0.207580794347353
-0.325974108344943
-1.25256435806421
1.03921636208467
-0.275609223903324
-1.75325138280203
-2.87584532606609
-1.05005330096156
0.770910606490241
1.50063642448447
1.39335585037704
1.04942295485068
0.218906807661618
0.548841442800647
-0.398940042264364
-1.51125938792228
-1.64016249141965
-0.843293076542624
0.897082099098917
1.31548321897633
1.11446028261908
-1.59334569219564
-2.41330081223943
0.214583173064375
0.521169403010563
1.23181362092322
1.28657451387836
0.868677653536543
0.317823441905716
-0.68304780620036
-0.607793103079248
0.738900226900692
0.279676197110406
-0.0884963042837461
-0.01575532594316
-0.852070229506151
-0.821052380558767
1.16139096994559
0.0954521822467924
-0.612516269761586
-0.260330963323821
0.569439195475455
-0.162035103116627
-1.62994616789583
-0.962901849416007
1.28102953644649
1.16638221596458
-0.608734908270137
-0.323516635943488
0.20420567058679
0.156091969000241
-1.17143650242996
0.727349299627634
0.0509858428296787
-0.652364071601799
0.176579462614721
0.41344401872782
-0.295651605746978
-1.37345728799427
0.904845185273373
0.294399696637152
-0.831936114119889
-0.719264655187991
1.36350224350088
-0.0526787594202245
-1.40288054123641
0.0800089453124328
1.15671549336743
0.412801306372224
-1.44751653819203
0.343040083280257
0.511337240808863
-0.309888483442221
-1.48551871259439
1.25673693456589
0.347816733703423
-1.92571391979144
-1.95795519325791
-1.99369739540534
1.68191577794993
1.30671554539683
0.525980913553828
0.839341353782882
1.03082044610395
0.724395478137669
0.324993950835371
0.66710088393853
-0.613520722092122
-1.66167158162347
1.12504610216779
1.04142455931905
-0.377548395865471
-1.07585113185189
1.32167657946586
0.347241528015543
0.00541278311803964
-1.39854406855746
-0.369298087670046
1.17496433278951
0.51585898686621
0.205969053445849
0.582129025598036
-1.01052932881051
0.982575086003974
0.823744107354271
0.170168159078141
-1.58916581909813
-0.648921266767463
0.77426948357563
1.02379598497646
-0.269132124860502
-1.96534454815499
0.928032999479945
1.25847369089543
-0.118051121825988
-0.00530407648782829
-1.39675246376595
0.88899396325958
0.255722708116601
-0.215549062303108
-0.0799562779810856
0.915916934854106
0.258841953962915
-0.679743332359386
-1.24004379730982
1.17773518352507
-0.166943051719277
-0.855083876329877
-0.0808156786036643
0.633407615231802
0.293533622316816
-1.9180889009994
1.04480554068714
1.09352833787515
0.2490727631596
-1.15652022448996
0.948850221606873
0.906611132312457
0.109209290800465
-1.22135887771468
0.0125710836699453
0.683367059917547
-0.201182137233697
-1.30973004859331
0.849095805819508
0.612868358043342
-1.72752942035089
-0.286830874532233
1.48761645614461
0.0171550559812017
-1.69622155620799
1.07373709870198
0.66269534158716
-0.962833060370852
0.26770987393017
1.67768740777334
-0.77712785511206
0.519032384078401
0.848911600510531
-0.114413034200874
-0.904525148893794
1.3209305836366
0.533559903876046
-1.1852567464467
1.6253265476804
0.454727724996612
-1.49995449215626
1.44551958872026
0.53270617029728
-1.42218894390783
0.740329467469612
0.794269546313622
-0.414867297341002
-0.13646348591957
1.17987632036424
-0.559125287582835
-1.30205258314696
1.52081985406753
0.577618744708492
-1.45845724869281
1.51142270431924
0.65017754926529
-1.02337337205019
1.00498560440132
0.450603997543218
-0.724291572966486
-0.0481777777424323
0.820623778936965
-0.117079960361571
-1.1230551019699
1.1626515520563
-0.165637083815065
-1.78926483213319
1.22209751212115
1.33415236497237
-0.853117437901105
0.227196276988848
1.26962934801075
0.198384531323431
-1.30161047022512
1.33524872247144
0.525850749483893
-1.31097861840941
0.515861578920977
0.921826414115026
-0.106308349739734
-1.3449383536092
1.0672237499869
0.728538610502494
-0.876418243370015
0.911126838991339
0.482084008851105
-0.28468724569047
