-0.637140308373585
0.725759624880566
1.02675428838243
-1.26609668640919
-0.116352128161041
0.956267807744813
0.0799874305146999
-0.581060497056041
0.00924141797454703
1.96080417811528
0.873889431300316
-1.62931365845819
-0.23087992052697
1.40383473970353
-1.17290419975212
-0.234338860452632
0.229492070707653
1.73863119101696
-1.26973041404303
-0.0412803502449036
1.46992949416717
0.376042700490671
-1.30445442064582
0.391529723355084
1.59443098428122
-1.01601931035325
-0.315201585687669
1.17408304422536
0.232913471023893
-1.10982719380918
0.212365158714334
1.63514994139424
-0.889124070126539
-0.439829747331979
0.326208659074515
0.722613706332187
-0.940578195673809
-0.221292575603134
0.662745495847112
0.937212452897482
-0.795364397275312
0.0892360083948466
1.64760239829056
-2.00892687465562
0.0865630399403809
1.86672762055941
-0.408728921534458
-0.207580794347351
0.325974108344935
1.2525643580642
-1.03921636208466
0.275609223903324
1.75325138280201
2.87584532606608
1.05005330096156
-0.770910606490235
-1.50063642448446
-1.39335585037706
-1.04942295485067
-0.218906807661617
-0.548841442800649
0.398940042264367
1.51125938792227
1.64016249141965
0.843293076542641
-0.89708209909892
-1.31548321897634
-1.11446028261906
1.59334569219565
2.41330081223945
-0.214583173064373
-0.521169403010569
-1.2318136209232
-1.28657451387838
-0.868677653536547
-0.317823441905717
0.68304780620037
0.60779310307926
-0.738900226900694
-0.279676197110399
0.0884963042837473
0.0157553259431605
0.852070229506139
0.821052380558759
-1.16139096994557
-0.0954521822467912
0.612516269761592
0.260330963323822
-0.569439195475456
0.162035103116626
1.62994616789583
0.96290184941601
-1.2810295364465
-1.16638221596459
0.608734908270144
0.323516635943488
-0.204205670586793
-0.15609196900024
1.17143650242997
-0.72734929962764
-0.0509858428296779
0.652364071601792
-0.17657946261472
-0.413444018727818
0.295651605746981
1.37345728799425
-0.904845185273363
-0.294399696637155
0.831936114119894
0.719264655187989
-1.36350224350088
0.052678759420225
1.40288054123641
-0.0800089453124316
-1.15671549336744
-0.412801306372221
1.44751653819203
-0.343040083280253
-0.511337240808866
0.309888483442224
1.48551871259441
-1.25673693456587
-0.347816733703423
1.92571391979141
1.95795519325794
1.99369739540535
-1.68191577794994
-1.30671554539685
-0.525980913553828
-0.8393413537829
-1.03082044610394
-0.724395478137668
-0.324993950835365
-0.667100883938528
0.613520722092128
1.66167158162347
-1.12504610216777
-1.04142455931903
0.377548395865473
1.07585113185188
-1.32167657946585
-0.347241528015543
-0.00541278311803897
1.39854406855744
0.369298087670051
-1.17496433278952
-0.515858986866204
-0.205969053445846
-0.582129025598037
1.0105293288105
-0.982575086003947
-0.82374410735427
-0.170168159078139
1.58916581909812
0.648921266767465
-0.774269483575642
-1.02379598497646
0.269132124860502
1.96534454815499
-0.928032999479932
-1.25847369089542
0.118051121825988
0.00530407648782864
1.39675246376595
-0.888993963259561
-0.255722708116598
0.21554906230311
0.0799562779810844
-0.915916934854118
-0.258841953962913
0.679743332359392
1.24004379730981
-1.17773518352508
0.166943051719277
0.855083876329867
0.080815678603663
-0.633407615231799
-0.293533622316817
1.91808890099936
-1.04480554068716
-1.09352833787514
-0.249072763159605
1.15652022448998
-0.948850221606867
-0.906611132312462
-0.109209290800465
1.22135887771468
-0.0125710836699445
-0.683367059917552
0.201182137233695
1.30973004859331
-0.849095805819517
-0.612868358043339
1.72752942035091
0.286830874532234
-1.48761645614464
-0.0171550559812012
1.69622155620801
-1.073737098702
-0.662695341587155
0.962833060370869
-0.267709873930169
-1.67768740777337
0.77712785511204
-0.519032384078395
-0.848911600510534
0.114413034200871
0.904525148893814
-1.32093058363659
-0.533559903876044
1.18525674644669
-1.62532654768042
-0.454727724996606
1.49995449215625
-1.44551958872028
-0.532706170297284
1.42218894390783
-0.740329467469612
-0.79426954631361
0.414867297341001
0.13646348591957
-1.17987632036423
0.55912528758284
1.30205258314698
-1.52081985406755
-0.577618744708486
1.45845724869279
-1.51142270431921
-0.650177549265304
1.02337337205022
-1.00498560440131
-0.450603997543218
0.724291572966487
0.0481777777424328
-0.82062377893695
0.11707996036157
1.12305510196986
-1.16265155205634
0.165637083815067
1.78926483213319
-1.22209751212115
-1.33415236497238
0.853117437901122
-0.227196276988849
-1.26962934801072
-0.198384531323431
1.30161047022513
-1.33524872247142
-0.525850749483889
1.31097861840942
-0.515861578920983
-0.921826414115015
0.106308349739735
1.34493835360921
-1.06722374998691
-0.728538610502488
0.87641824337002
-0.911126838991341
-0.482084008851106
0.284687245690471
