0.637140308373585
-0.725759624880575
-1.02675428838245
1.26609668640918
0.11635212816104
-0.956267807744821
-0.0799874305147012
0.581060497056038
-0.009241417974547
-1.96080417811527
-0.873889431300321
1.62931365845822
0.230879920526971
-1.40383473970352
1.17290419975212
0.234338860452634
-0.229492070707652
-1.73863119101697
1.26973041404303
0.0412803502449038
-1.46992949416716
-0.37604270049067
1.30445442064582
-0.391529723355081
-1.59443098428121
1.01601931035324
0.315201585687668
-1.17408304422537
-0.232913471023895
1.10982719380919
-0.212365158714335
-1.63514994139424
0.889124070126557
0.439829747331976
-0.326208659074512
-0.722613706332185
0.940578195673805
0.22129257560313
-0.662745495847116
-0.937212452897473
0.795364397275299
-0.0892360083948465
-1.64760239829056
2.00892687465563
-0.0865630399403807
-1.86672762055941
0.408728921534463
0.207580794347352
-0.325974108344937
-1.25256435806421
1.03921636208466
-0.275609223903321
-1.75325138280203
-2.87584532606606
-1.05005330096157
0.770910606490236
1.50063642448446
1.39335585037706
1.04942295485068
0.218906807661618
0.548841442800655
-0.398940042264366
-1.51125938792225
-1.64016249141966
-0.843293076542645
0.897082099098912
1.31548321897632
1.11446028261907
-1.59334569219566
-2.41330081223946
0.214583173064373
0.521169403010565
1.23181362092321
1.28657451387837
0.868677653536539
0.317823441905716
-0.683047806200379
-0.607793103079242
0.738900226900689
0.279676197110402
-0.0884963042837463
-0.0157553259431605
-0.852070229506135
-0.821052380558762
1.16139096994558
0.0954521822467921
-0.612516269761594
-0.260330963323823
0.569439195475448
-0.162035103116627
-1.62994616789583
-0.962901849416029
1.28102953644649
1.16638221596457
-0.608734908270138
-0.323516635943491
0.204205670586792
0.156091969000242
-1.17143650242996
0.727349299627634
0.0509858428296783
-0.65236407160179
0.176579462614721
0.413444018727815
-0.295651605746984
-1.37345728799425
0.904845185273363
0.294399696637151
-0.831936114119894
-0.719264655187991
1.36350224350088
-0.052678759420224
-1.40288054123639
0.0800089453124323
1.15671549336743
0.412801306372219
-1.44751653819204
0.343040083280251
0.511337240808863
-0.309888483442219
-1.48551871259441
1.25673693456587
0.347816733703423
-1.92571391979142
-1.95795519325792
-1.99369739540533
1.68191577794996
1.30671554539685
0.525980913553828
0.839341353782896
1.03082044610393
0.724395478137668
0.324993950835365
0.667100883938531
-0.613520722092122
-1.66167158162347
1.12504610216779
1.04142455931903
-0.37754839586547
-1.07585113185189
1.32167657946587
0.347241528015542
0.00541278311803925
-1.39854406855743
-0.36929808767005
1.17496433278951
0.515858986866197
0.205969053445847
0.58212902559804
-1.01052932881051
0.982575086003948
0.823744107354269
0.170168159078139
-1.58916581909815
-0.648921266767466
0.774269483575637
1.02379598497646
-0.2691321248605
-1.96534454815503
0.928032999479931
1.25847369089544
-0.118051121825988
-0.00530407648782857
-1.39675246376593
0.888993963259565
0.255722708116598
-0.215549062303108
-0.0799562779810843
0.915916934854116
0.258841953962916
-0.679743332359388
-1.2400437973098
1.17773518352508
-0.166943051719279
-0.855083876329868
-0.0808156786036637
0.633407615231802
0.293533622316818
-1.91808890099935
1.04480554068715
1.09352833787513
0.249072763159604
-1.15652022448996
0.948850221606871
0.906611132312474
0.109209290800466
-1.22135887771469
0.0125710836699448
0.683367059917544
-0.201182137233695
-1.30973004859331
0.849095805819513
0.612868358043339
-1.72752942035088
-0.28683087453223
1.48761645614466
0.0171550559812017
-1.69622155620802
1.073737098702
0.662695341587156
-0.962833060370859
0.267709873930168
1.67768740777335
-0.777127855112046
0.519032384078394
0.848911600510531
-0.114413034200872
-0.9045251488938
1.32093058363659
0.533559903876044
-1.1852567464467
1.62532654768041
0.454727724996605
-1.49995449215624
1.44551958872029
0.532706170297288
-1.42218894390784
0.740329467469614
0.79426954631361
-0.414867297341001
-0.13646348591957
1.17987632036424
-0.559125287582838
-1.30205258314698
1.52081985406754
0.57761874470849
-1.45845724869281
1.5114227043192
0.650177549265303
-1.02337337205021
1.00498560440131
0.450603997543215
-0.724291572966479
-0.0481777777424326
0.820623778936955
-0.117079960361571
-1.12305510196987
1.16265155205632
-0.165637083815067
-1.78926483213321
1.22209751212115
1.33415236497238
-0.853117437901114
0.227196276988846
1.26962934801073
0.198384531323432
-1.30161047022512
1.33524872247143
0.52585074948389
-1.31097861840942
0.515861578920985
0.921826414115021
-0.106308349739733
-1.34493835360921
1.0672237499869
0.72853861050249
-0.876418243370016
0.911126838991344
0.482084008851101
-0.284687245690475
