0.63714030837359
-0.725759624880561
-1.02675428838242
1.26609668640919
0.116352128161041
-0.956267807744817
-0.0799874305147005
0.581060497056044
-0.00924141797454791
-1.96080417811525
-0.873889431300314
1.6293136584582
0.230879920526972
-1.40383473970353
1.17290419975213
0.234338860452631
-0.229492070707656
-1.73863119101695
1.26973041404305
0.0412803502449024
-1.46992949416716
-0.376042700490669
1.30445442064581
-0.391529723355085
-1.59443098428121
1.01601931035325
0.315201585687672
-1.17408304422538
-0.232913471023893
1.10982719380919
-0.21236515871434
-1.63514994139424
0.889124070126546
0.439829747331982
-0.326208659074512
-0.722613706332194
0.940578195673792
0.221292575603131
-0.662745495847115
-0.937212452897485
0.795364397275312
-0.0892360083948486
-1.64760239829056
2.00892687465562
-0.086563039940382
-1.8667276205594
0.408728921534461
0.207580794347351
-0.325974108344935
-1.25256435806423
1.03921636208466
-0.275609223903322
-1.75325138280203
-2.87584532606606
-1.05005330096157
0.770910606490242
1.50063642448447
1.39335585037706
1.04942295485067
0.218906807661614
0.548841442800645
-0.398940042264366
-1.51125938792227
-1.64016249141965
-0.843293076542646
0.89708209909892
1.31548321897634
1.11446028261905
-1.59334569219564
-2.41330081223946
0.214583173064373
0.521169403010567
1.23181362092322
1.28657451387839
0.868677653536534
0.317823441905714
-0.68304780620037
-0.607793103079263
0.738900226900693
0.279676197110397
-0.0884963042837488
-0.015755325943162
-0.852070229506141
-0.821052380558763
1.16139096994556
0.0954521822467901
-0.612516269761594
-0.260330963323827
0.56943919547546
-0.162035103116625
-1.62994616789582
-0.962901849416026
1.2810295364465
1.16638221596457
-0.608734908270131
-0.323516635943492
0.204205670586791
0.156091969000239
-1.17143650242998
0.727349299627648
0.0509858428296767
-0.652364071601794
0.17657946261472
0.413444018727823
-0.295651605746978
-1.37345728799426
0.904845185273384
0.294399696637155
-0.831936114119889
-0.719264655188006
1.36350224350089
-0.0526787594202251
-1.40288054123642
0.0800089453124306
1.15671549336744
0.412801306372218
-1.44751653819204
0.343040083280253
0.511337240808861
-0.309888483442221
-1.4855187125944
1.25673693456586
0.347816733703423
-1.92571391979142
-1.95795519325793
-1.99369739540536
1.68191577794992
1.30671554539685
0.525980913553828
0.839341353782899
1.03082044610394
0.724395478137667
0.324993950835365
0.667100883938529
-0.613520722092125
-1.66167158162348
1.12504610216777
1.04142455931904
-0.377548395865473
-1.07585113185188
1.32167657946586
0.347241528015545
0.00541278311803774
-1.39854406855745
-0.369298087670051
1.17496433278951
0.515858986866204
0.205969053445846
0.582129025598036
-1.01052932881049
0.982575086003948
0.823744107354271
0.17016815907814
-1.58916581909812
-0.648921266767464
0.774269483575642
1.02379598497646
-0.269132124860504
-1.96534454815498
0.928032999479931
1.25847369089542
-0.118051121825989
-0.00530407648782979
-1.39675246376595
0.888993963259561
0.255722708116599
-0.21554906230311
-0.0799562779810873
0.915916934854116
0.25884195396291
-0.679743332359391
-1.24004379730981
1.17773518352508
-0.16694305171928
-0.855083876329862
-0.0808156786036655
0.63340761523179
0.293533622316814
-1.91808890099932
1.04480554068717
1.09352833787514
0.249072763159603
-1.15652022448999
0.948850221606881
0.90661113231247
0.109209290800464
-1.22135887771469
0.0125710836699433
0.683367059917546
-0.201182137233695
-1.3097300485933
0.849095805819528
0.612868358043336
-1.7275294203509
-0.286830874532234
1.48761645614465
0.0171550559812001
-1.696221556208
1.073737098702
0.662695341587147
-0.962833060370865
0.267709873930166
1.67768740777337
-0.777127855112042
0.519032384078386
0.848911600510527
-0.114413034200873
-0.904525148893806
1.3209305836366
0.53355990387604
-1.18525674644671
1.62532654768043
0.454727724996604
-1.49995449215625
1.44551958872028
0.53270617029728
-1.42218894390783
0.740329467469601
0.794269546313599
-0.414867297341004
-0.136463485919571
1.17987632036423
-0.559125287582841
-1.30205258314698
1.52081985406756
0.577618744708489
-1.45845724869281
1.51142270431921
0.650177549265299
-1.0233733720502
1.0049856044013
0.450603997543211
-0.724291572966484
-0.0481777777424346
0.820623778936947
-0.117079960361573
-1.12305510196988
1.16265155205633
-0.165637083815067
-1.78926483213318
1.22209751212117
1.33415236497238
-0.853117437901119
0.227196276988847
1.26962934801073
0.198384531323429
-1.30161047022513
1.33524872247141
0.525850749483889
-1.31097861840941
0.515861578920978
0.921826414115022
-0.106308349739738
-1.3449383536092
1.06722374998691
0.72853861050249
-0.876418243370018
0.911126838991338
0.482084008851103
-0.284687245690473
