0.63714030837359
-0.725759624880561
-1.02675428838243
1.26609668640919
0.11635212816104
-0.956267807744813
-0.0799874305146993
0.58106049705604
-0.00924141797454715
-1.96080417811526
-0.873889431300313
1.62931365845818
0.230879920526971
-1.40383473970353
1.17290419975213
0.234338860452633
-0.229492070707657
-1.73863119101696
1.26973041404303
0.0412803502449034
-1.46992949416717
-0.376042700490671
1.30445442064582
-0.391529723355082
-1.59443098428121
1.01601931035324
0.315201585687668
-1.17408304422537
-0.232913471023895
1.1098271938092
-0.212365158714333
-1.63514994139426
0.889124070126538
0.43982974733198
-0.326208659074515
-0.722613706332195
0.940578195673806
0.221292575603133
-0.662745495847109
-0.937212452897482
0.795364397275308
-0.0892360083948478
-1.64760239829055
2.00892687465562
-0.0865630399403804
-1.86672762055941
0.408728921534462
0.207580794347349
-0.325974108344936
-1.25256435806421
1.03921636208466
-0.275609223903326
-1.75325138280202
-2.87584532606609
-1.05005330096156
0.77091060649024
1.50063642448447
1.39335585037705
1.04942295485066
0.218906807661616
0.54884144280065
-0.398940042264369
-1.51125938792228
-1.64016249141966
-0.843293076542649
0.897082099098919
1.31548321897635
1.11446028261905
-1.59334569219564
-2.41330081223945
0.214583173064373
0.521169403010568
1.23181362092321
1.28657451387837
0.86867765353655
0.317823441905715
-0.683047806200373
-0.607793103079262
0.738900226900698
0.279676197110399
-0.0884963042837477
-0.0157553259431609
-0.852070229506141
-0.821052380558765
1.16139096994558
0.0954521822467905
-0.612516269761592
-0.260330963323823
0.569439195475461
-0.162035103116626
-1.62994616789583
-0.962901849416014
1.28102953644649
1.16638221596458
-0.608734908270139
-0.323516635943489
0.204205670586792
0.156091969000239
-1.17143650242998
0.727349299627644
0.0509858428296777
-0.65236407160179
0.176579462614719
0.413444018727824
-0.295651605746978
-1.37345728799425
0.904845185273371
0.294399696637158
-0.83193611411989
-0.719264655187994
1.36350224350088
-0.0526787594202252
-1.4028805412364
0.0800089453124316
1.15671549336745
0.412801306372222
-1.44751653819203
0.34304008328025
0.511337240808862
-0.309888483442222
-1.4855187125944
1.25673693456587
0.347816733703425
-1.92571391979141
-1.95795519325794
-1.99369739540536
1.68191577794994
1.30671554539686
0.525980913553828
0.839341353782905
1.03082044610394
0.724395478137663
0.324993950835367
0.66710088393853
-0.613520722092134
-1.66167158162347
1.12504610216777
1.04142455931903
-0.377548395865473
-1.07585113185188
1.32167657946585
0.347241528015545
0.00541278311803876
-1.39854406855744
-0.36929808767005
1.17496433278952
0.515858986866203
0.205969053445846
0.582129025598035
-1.01052932881049
0.98257508600395
0.823744107354281
0.17016815907814
-1.58916581909811
-0.648921266767463
0.774269483575642
1.02379598497647
-0.269132124860503
-1.96534454815499
0.928032999479931
1.25847369089541
-0.118051121825987
-0.00530407648782893
-1.39675246376594
0.88899396325956
0.255722708116599
-0.21554906230311
-0.0799562779810846
0.915916934854115
0.258841953962913
-0.679743332359392
-1.24004379730981
1.17773518352508
-0.166943051719279
-0.855083876329861
-0.080815678603664
0.633407615231801
0.293533622316817
-1.91808890099934
1.04480554068716
1.09352833787514
0.249072763159604
-1.15652022448999
0.948850221606875
0.906611132312461
0.109209290800465
-1.22135887771468
0.0125710836699442
0.683367059917551
-0.201182137233695
-1.3097300485933
0.849095805819523
0.612868358043341
-1.72752942035091
-0.286830874532235
1.48761645614465
0.017155055981201
-1.69622155620801
1.07373709870201
0.66269534158715
-0.96283306037088
0.267709873930168
1.67768740777337
-0.777127855112035
0.519032384078389
0.84891160051053
-0.114413034200872
-0.904525148893811
1.32093058363659
0.533559903876042
-1.18525674644669
1.62532654768043
0.454727724996608
-1.49995449215624
1.44551958872027
0.532706170297283
-1.42218894390783
0.740329467469605
0.794269546313607
-0.414867297341003
-0.136463485919571
1.17987632036422
-0.559125287582845
-1.30205258314699
1.52081985406755
0.577618744708484
-1.45845724869279
1.51142270431922
0.650177549265296
-1.02337337205022
1.00498560440131
0.450603997543216
-0.724291572966487
-0.0481777777424333
0.820623778936944
-0.117079960361571
-1.12305510196987
1.16265155205634
-0.165637083815067
-1.78926483213321
1.22209751212116
1.33415236497238
-0.853117437901125
0.227196276988848
1.26962934801072
0.19838453132343
-1.30161047022513
1.33524872247141
0.525850749483884
-1.31097861840942
0.515861578920983
0.921826414115015
-0.106308349739736
-1.3449383536092
1.06722374998691
0.728538610502486
-0.876418243370021
0.911126838991338
0.482084008851106
-0.284687245690471
