-0.115767107139004
0.689002787567269
1.14675232364916
-0.317337901933735
-0.052828674924809
1.01390166103281
-0.16228846022136
-0.560135875225218
0.0911229535693621
1.95045797310689
1.38862255259272
0.592318071600907
0.668399862060805
2.58629955503678
0.106815939017062
0.30240994866597
0.664692340075063
2.06271692444861
0.411920079923066
0.286466523157876
1.83062218604051
0.652380744072707
-0.817363923803428
0.72981848164385
1.34209600297526
0.361570083272518
0.264250629331393
1.05265236556096
0.860402528319099
-0.174776856555173
1.01644072735982
1.7681238825198
-0.427085614769737
0.188902142754895
0.756059665517298
1.27620160262552
-0.657380296650786
-0.085667785056275
1.24756788000202
1.40211141692297
-0.0572098501355222
-0.0668538667222857
2.46221132445644
-0.949942985414777
0.103033866206105
1.40545063399824
-0.464465998881683
0.247729811613363
0.0131406528008883
1.09411124148284
-0.409616746774147
0.135891188613365
2.1081102164897
5.42602603587369
1.84345161804569
0.296380685046464
-0.5324250906875
-0.444981875082912
-0.8599069697758
0.356638079169985
-0.745010459229986
0.136558788588353
1.76454907591293
1.92268831670458
1.41237891968411
-0.338365402490201
-0.777702904463104
-0.760338226404208
1.23396166186634
2.73479352545887
0.419867599849156
0.176823754517681
-0.493299968491305
-0.991728925350766
-1.38845982824328
-0.626607247016298
0.388191568421356
0.509100930961638
-0.936014329417088
-0.661088324222013
-0.0810834499587126
-0.2306715875227
0.258264935343135
0.444963807539519
-1.25358304393657
-0.525039294335781
0.158798496533144
-0.0617593272248703
-0.974338522929056
-0.427837985425995
1.21164541769912
0.808397205505745
-0.942694275603207
-0.77141685459828
0.471164062087888
-0.0422779808270524
-0.579905166924003
-0.271227774622289
0.821761043812131
-0.693200924006853
-0.20706237624071
0.596664857347009
-0.0748603265698584
-0.657584225639029
0.113262068066448
1.13000692200021
-0.928664531371051
-0.0974532576978173
0.292737704255603
0.985005456990843
-0.740063167105588
0.0868139766743448
1.21326326967461
-0.162475353582971
-1.13333079220271
-0.246590818252404
1.20061933985284
-0.188563536897058
-0.460302367148122
-0.360596170061283
1.57294199895652
-0.721960955979621
-0.537832653655261
1.71968664005891
2.45743094642294
2.06098129829536
-0.157191673021862
-0.301755998220765
0.396203509024715
-0.150769665565723
-0.677666312936801
-0.97432100264518
-0.932737447758393
-0.445029653422055
-0.128000251175435
1.55517502358565
-0.986434302712737
-0.841543731734467
-0.11323732576401
0.814345832142652
-1.09049793754397
-0.55718733562928
-0.8825514415883
1.08623515406567
0.513923572980976
-0.786887674957929
-1.2094377030428
-0.576748097274652
-0.604306092947646
0.563121603975617
-0.768051838727598
-0.761624697259178
-0.857387776706912
1.37669527096835
0.784319235041985
-0.668458140225426
-1.57255546158727
-0.342412437695637
2.10034120074896
-0.785846380314567
-1.15268433653799
-0.755759696491421
-0.936116117079552
0.840165494982141
-0.854482272684309
-1.1694615494077
-0.107274537076252
-0.169286737594429
-1.20344188924592
-1.03602829589319
-0.135318465641006
0.991941753922993
-1.38452342156954
-0.517290064584752
0.138660421571824
-0.139870465367004
-1.72773817408471
-0.964158567492976
1.23996705241543
-0.664269962889634
-1.25475444665571
-0.994215474077004
0.688559386870057
-0.720777776689166
-1.03020325180817
-0.775832199572216
0.502963596019516
-0.124470253892452
-1.022207433375
-0.268429343317558
0.524062482290305
-0.971971519563638
-0.818566350334116
1.13893099119912
0.167632549511558
-1.45244464244532
-0.604394894018379
1.43537747225482
-1.16974906068581
-0.727096292812742
0.389198580868413
-0.553897375066555
-1.29815031114827
0.220093356550998
-1.12049610003793
-1.43040852406513
-0.473479613149585
0.941720325970385
-1.32633522436682
-1.1138718626009
0.867224081126914
-1.01919082376064
-0.554373267620842
1.31309542603842
-1.10131112841494
-1.05356512349314
1.19155015610156
-0.921344177069843
-0.941137676243408
0.00773349504323194
-0.295761003630802
-0.649952788526406
0.283661539686139
0.473660320098548
-1.20677776353549
-1.2512934036951
0.792133397520409
-1.42800454706367
-1.13381006677257
0.883754145089449
-0.831187823095171
-0.679698563059285
0.0453006253715545
-0.195537184075661
-0.72942436425092
-0.204223485068219
1.06488906937215
-0.347733013146421
-0.657557837522935
1.73862059364581
-1.05525225063645
-1.63021336693079
0.637253662884669
0.173876972120967
-1.0532775545899
-0.854395402875776
1.50698399598969
-0.731513703971449
-0.694782482459402
0.748961335530705
-0.283954774799174
-0.941648672529668
-0.278986485383495
1.12600442760241
-0.859589636248382
-0.542387114671834
-0.0366071989082666
-0.857424340347519
-0.728013702679243
-0.431880061226818
