1.36242824061587
1.39651498909261
1.20051297948865
1.33441035991498
1.38536946693598
1.33862593347757
1.43534171019277
1.19327610074638
1.41526860214415
1.37049013858633
1.53902807473461
1.98051663733417
1.8760831802709
1.63127852229355
1.80172514117522
1.88767651881662
1.71039368402259
1.53542816463923
1.7427169893332
1.71820895782961
1.60371657313317
1.50273754996698
1.8529463701868
1.66063236060179
1.47071708233013
1.75276087561771
1.83662970910478
1.71742289516344
1.69251847916202
1.86081172801958
1.81508295197653
1.43417284432508
1.70102670562511
1.76083072235811
1.67623531433469
1.67817062130257
1.46389510751461
1.75316667189321
1.7447470221913
1.40549934692901
1.63717580940989
1.69721561669608
1.54305964319293
1.06157082525499
1.04352574410009
0.66439556528802
1.28213080892697
1.49857474796825
1.08541043897141
1.24939655997677
1.30518630080756
1.33702683480136
1.22724214982059
0.529735057100086
0.608786934981353
1.51738179017909
1.24778088723428
1.14494100898377
1.00218476852085
0.947250775111769
0.710104474351048
0.911579191631873
0.849687583754144
0.630383357163576
0.678249058545991
0.932916747183956
1.02503199519985
1.01168173240797
0.585385913509877
0.240409650082488
0.63775679491925
0.505811365578301
0.603403571943562
0.7409793855396
0.511753947939152
0.263586924210667
-0.0637697678105452
0.0250502297115418
0.210867133870483
0.326406382508909
0.309941087477377
0.282753081396156
-0.167636445622984
0.17589303085146
0.15408694609516
0.403727923074419
0.0325637590741411
0.0557909609806213
0.14549338304899
0.464903817964927
-0.149907109467753
0.231856263273852
0.470837734620902
0.639230401434648
0.265017040859018
-0.0923153761441223
0.572532927366812
0.302140150511867
0.594434989678889
0.131763674996381
0.204410985240946
0.065813971344779
0.170203347350223
0.088906907304303
0.0425812756297223
0.467713293930368
0.165845904867778
0.333126065859855
-0.0961810656930635
0.335357371349142
0.776752675144612
0.68225594346278
0.320306731759065
0.285143156515694
0.200428805451933
0.183247980846009
0.201053380578474
0.385899749147577
0.14048801974421
0.1538065229989
0.140390729251655
0.143606093855297
0.355783036845636
0.217008922016884
-0.0870015312016994
0.236193694982913
1.17480169739016
1.13496114701493
0.85078214830834
0.448548606023164
0.0060990204455452
-0.664265507310838
-0.750801340326678
-0.811339899883357
-0.760180346860725
-0.956384887662495
-0.906561175986159
-0.4006570329264
-0.708301371130557
-1.17396869757374
-0.670272458305643
-0.471732733517823
-0.339939037529841
-0.61570953669559
-0.876122831359539
-0.510512483988682
-0.285781338183762
-0.674892479034151
-0.872848386449613
-0.783393635544166
-0.793411117992573
-0.466029874606979
-0.783663015450153
-1.08009201589816
-1.00082424321323
-0.799858129181546
-0.519989315004209
-0.780371174760505
-1.16235726373559
-0.942527447878771
-0.403667629086818
-0.256365254896301
-0.725957968966677
-0.659442223878262
-0.591886717332099
-0.443037661740989
-0.761218342679952
-0.721882032543999
-0.586625060656453
-0.517950350538412
-0.710171857960927
-0.784387818359387
-0.664427916939329
-0.393727609051025
-0.970353745880091
-0.834565631289583
-0.699255378807506
-0.923319730204968
-0.911313590121495
-0.674542648952308
-0.522269709446005
-0.901072329452528
-0.996411986775377
-0.829328384269709
-0.733063979026177
-0.909808188312028
-0.893381984981198
-1.02297037892177
-0.543724978109287
-0.922876116899854
-1.12647722567033
-0.934773413984008
-0.951579867319284
-1.00172997635583
-0.947406884685479
-0.749925495560027
-0.66163741756858
-1.07837850971103
-0.888499608087819
-0.796902804863337
-1.21927723340429
-1.09104589416548
-1.06858052546311
-0.963095652497774
-1.15202964391258
-1.10499493086014
-1.13833261550314
-1.21245219267563
-0.905139002322951
-0.891433538977637
-1.22195573191055
-1.1864421951385
-0.855830459996608
-1.17019081485092
-1.14779549146728
-1.13932489480783
-1.25406671283352
-1.14261330177799
-0.967004798817492
-1.31174165415637
-1.08199513635923
-1.18445665061562
-1.06940314133666
-1.07400817808687
-1.19719130082897
-0.783258633341374
-1.25285986685746
-1.0878412644997
-1.14186480209591
-1.29285282446576
-1.13265426945781
-1.09041824455571
-1.22213341544176
-1.16388234816252
-1.27998720872804
-1.19677816652923
-1.14713389036328
-1.18935755644952
-0.798142509341643
-1.15267804836247
-0.907147503762651
-0.409309453304662
-0.996190005075091
-0.928532621345167
-0.884243209121819
-0.827326662019962
-0.780278574730657
-0.885295842784651
-0.684068544665387
-0.803833724629588
-0.822334490388224
-0.800493357803979
-0.821535998136316
-1.03794935150142
-0.982485260367378
-0.872584210232353
-0.904453334795571
-0.823859302665114
-0.759514013440894
-0.93491870211834
