-0.637140308373586
0.725759624880568
1.02675428838241
-1.2660966864092
-0.116352128161038
0.956267807744805
0.079987430514702
-0.58106049705603
0.00924141797454817
1.96080417811528
0.873889431300329
-1.62931365845819
-0.230879920526969
1.40383473970354
-1.17290419975213
-0.234338860452625
0.229492070707645
1.73863119101695
-1.26973041404302
-0.0412803502449025
1.46992949416718
0.376042700490673
-1.30445442064578
0.39152972335507
1.59443098428118
-1.01601931035325
-0.315201585687664
1.17408304422538
0.232913471023887
-1.10982719380918
0.212365158714335
1.63514994139424
-0.889124070126527
-0.439829747331984
0.326208659074503
0.722613706332191
-0.940578195673804
-0.221292575603129
0.662745495847112
0.937212452897476
-0.795364397275309
0.0892360083948484
1.64760239829053
-2.0089268746556
0.0865630399403817
1.8667276205594
-0.408728921534455
-0.207580794347348
0.325974108344938
1.2525643580642
-1.03921636208467
0.275609223903324
1.75325138280201
2.87584532606612
1.05005330096158
-0.770910606490248
-1.50063642448442
-1.39335585037706
-1.04942295485065
-0.21890680766162
-0.548841442800649
0.398940042264367
1.51125938792229
1.64016249141963
0.843293076542638
-0.897082099098915
-1.31548321897638
-1.11446028261903
1.59334569219558
2.41330081223948
-0.21458317306437
-0.521169403010568
-1.2318136209232
-1.2865745138784
-0.868677653536543
-0.317823441905714
0.683047806200361
0.607793103079272
-0.738900226900699
-0.279676197110395
0.0884963042837529
0.015755325943161
0.852070229506144
0.821052380558754
-1.16139096994554
-0.09545218224679
0.612516269761599
0.260330963323824
-0.569439195475462
0.16203510311662
1.62994616789581
0.962901849416006
-1.28102953644649
-1.16638221596459
0.608734908270135
0.323516635943499
-0.204205670586792
-0.156091969000237
1.17143650242998
-0.727349299627662
-0.0509858428296765
0.652364071601802
-0.17657946261472
-0.413444018727825
0.295651605746979
1.3734572879943
-0.904845185273372
-0.29439969663716
0.831936114119879
0.719264655187991
-1.3635022435009
0.0526787594202249
1.40288054123644
-0.0800089453124306
-1.15671549336745
-0.412801306372215
1.44751653819205
-0.343040083280256
-0.51133724080886
0.309888483442217
1.48551871259439
-1.25673693456589
-0.347816733703428
1.92571391979138
1.95795519325798
1.9936973954054
-1.6819157779499
-1.30671554539687
-0.525980913553827
-0.839341353782908
-1.03082044610395
-0.724395478137649
-0.324993950835365
-0.667100883938524
0.613520722092124
1.66167158162342
-1.12504610216774
-1.04142455931905
0.377548395865476
1.07585113185189
-1.32167657946585
-0.347241528015544
-0.0054127831180379
1.39854406855748
0.369298087670049
-1.17496433278953
-0.515858986866195
-0.205969053445842
-0.582129025598024
1.01052932881048
-0.982575086003955
-0.823744107354271
-0.170168159078139
1.58916581909809
0.648921266767455
-0.774269483575627
-1.02379598497648
0.269132124860501
1.96534454815502
-0.92803299947992
-1.25847369089542
0.118051121825987
0.00530407648782892
1.39675246376593
-0.88899396325956
-0.255722708116598
0.215549062303114
0.0799562779810854
-0.915916934854102
-0.258841953962915
0.679743332359386
1.24004379730981
-1.17773518352508
0.166943051719278
0.855083876329825
0.0808156786036651
-0.633407615231812
-0.293533622316808
1.91808890099935
-1.04480554068718
-1.09352833787514
-0.249072763159604
1.15652022448996
-0.948850221606879
-0.906611132312472
-0.109209290800466
1.22135887771468
-0.0125710836699432
-0.683367059917574
0.201182137233694
1.30973004859334
-0.849095805819507
-0.612868358043342
1.72752942035089
0.28683087453224
-1.48761645614469
-0.0171550559812
1.69622155620802
-1.073737098702
-0.662695341587149
0.962833060370906
-0.267709873930167
-1.67768740777337
0.777127855112029
-0.519032384078377
-0.848911600510524
0.114413034200874
0.904525148893792
-1.32093058363663
-0.533559903876046
1.1852567464467
-1.62532654768043
-0.45472772499661
1.49995449215627
-1.44551958872026
-0.53270617029727
1.42218894390783
-0.740329467469609
-0.794269546313602
0.414867297341013
0.136463485919569
-1.17987632036423
0.559125287582863
1.30205258314696
-1.52081985406756
-0.577618744708474
1.45845724869278
-1.51142270431924
-0.650177549265292
1.02337337205022
-1.00498560440133
-0.450603997543212
0.724291572966499
0.0481777777424338
-0.820623778936947
0.117079960361575
1.12305510196987
-1.16265155205634
0.165637083815071
1.78926483213316
-1.2220975121212
-1.33415236497239
0.853117437901135
-0.227196276988849
-1.26962934801074
-0.198384531323428
1.30161047022513
-1.33524872247141
-0.52585074948388
1.31097861840938
-0.515861578920965
-0.921826414115012
0.106308349739739
1.34493835360917
-1.06722374998689
-0.728538610502468
0.876418243370013
-0.911126838991313
-0.482084008851104
0.284687245690474
