-0.637140308373584
0.725759624880574
1.02675428838245
-1.26609668640919
-0.116352128161041
0.956267807744815
0.0799874305147007
-0.581060497056041
0.00924141797454721
1.96080417811527
0.873889431300319
-1.62931365845822
-0.23087992052697
1.40383473970351
-1.17290419975212
-0.234338860452635
0.229492070707654
1.73863119101696
-1.26973041404303
-0.0412803502449036
1.46992949416716
0.37604270049067
-1.30445442064582
0.391529723355083
1.5944309842812
-1.01601931035324
-0.315201585687668
1.17408304422537
0.232913471023897
-1.10982719380919
0.212365158714332
1.63514994139424
-0.889124070126542
-0.43982974733198
0.326208659074516
0.722613706332182
-0.940578195673804
-0.221292575603133
0.662745495847114
0.937212452897477
-0.795364397275313
0.0892360083948474
1.64760239829056
-2.00892687465562
0.0865630399403806
1.86672762055942
-0.408728921534462
-0.207580794347353
0.325974108344932
1.25256435806422
-1.03921636208466
0.275609223903322
1.75325138280202
2.87584532606606
1.05005330096157
-0.770910606490242
-1.50063642448446
-1.39335585037706
-1.04942295485068
-0.218906807661615
-0.54884144280065
0.398940042264368
1.51125938792227
1.64016249141966
0.843293076542648
-0.897082099098921
-1.31548321897634
-1.11446028261906
1.59334569219566
2.41330081223944
-0.214583173064374
-0.521169403010569
-1.23181362092321
-1.28657451387837
-0.86867765353655
-0.317823441905714
0.68304780620037
0.607793103079261
-0.738900226900695
-0.279676197110401
0.0884963042837462
0.0157553259431607
0.852070229506133
0.821052380558766
-1.16139096994558
-0.0954521822467914
0.612516269761587
0.260330963323822
-0.569439195475456
0.162035103116626
1.62994616789585
0.962901849416029
-1.2810295364465
-1.16638221596458
0.608734908270141
0.323516635943487
-0.204205670586794
-0.156091969000241
1.17143650242998
-0.727349299627644
-0.0509858428296781
0.65236407160179
-0.176579462614718
-0.413444018727817
0.29565160574698
1.37345728799425
-0.904845185273361
-0.294399696637155
0.831936114119902
0.71926465518799
-1.36350224350088
0.0526787594202239
1.40288054123639
-0.0800089453124317
-1.15671549336744
-0.412801306372218
1.44751653819202
-0.343040083280252
-0.511337240808866
0.309888483442222
1.4855187125944
-1.25673693456587
-0.347816733703422
1.92571391979142
1.95795519325792
1.99369739540534
-1.68191577794997
-1.30671554539685
-0.52598091355383
-0.839341353782892
-1.03082044610392
-0.72439547813767
-0.324993950835364
-0.667100883938518
0.613520722092128
1.66167158162347
-1.12504610216778
-1.04142455931902
0.377548395865471
1.07585113185188
-1.32167657946585
-0.34724152801554
-0.00541278311803917
1.39854406855742
0.369298087670054
-1.17496433278952
-0.515858986866206
-0.205969053445847
-0.582129025598044
1.0105293288105
-0.982575086003938
-0.823744107354276
-0.17016815907814
1.58916581909812
0.648921266767474
-0.774269483575647
-1.02379598497646
0.269132124860502
1.96534454815503
-0.928032999479939
-1.25847369089543
0.118051121825988
0.00530407648782875
1.39675246376594
-0.888993963259563
-0.255722708116599
0.215549062303109
0.0799562779810838
-0.915916934854114
-0.258841953962914
0.679743332359395
1.2400437973098
-1.17773518352508
0.166943051719277
0.855083876329871
0.0808156786036625
-0.6334076152318
-0.29353362231682
1.91808890099934
-1.04480554068716
-1.09352833787515
-0.249072763159604
1.15652022448999
-0.948850221606869
-0.906611132312462
-0.109209290800464
1.22135887771469
-0.0125710836699447
-0.683367059917543
0.201182137233696
1.30973004859331
-0.849095805819512
-0.612868358043342
1.72752942035092
0.286830874532233
-1.48761645614465
-0.0171550559812014
1.69622155620801
-1.073737098702
-0.662695341587151
0.962833060370864
-0.267709873930167
-1.67768740777336
0.777127855112044
-0.519032384078392
-0.848911600510529
0.114413034200871
0.904525148893807
-1.32093058363658
-0.533559903876041
1.18525674644669
-1.62532654768042
-0.454727724996611
1.49995449215625
-1.44551958872029
-0.532706170297289
1.42218894390783
-0.740329467469607
-0.794269546313612
0.414867297341
0.136463485919571
-1.17987632036423
0.559125287582838
1.30205258314698
-1.52081985406755
-0.577618744708483
1.45845724869279
-1.51142270431919
-0.650177549265304
1.02337337205021
-1.00498560440132
-0.450603997543215
0.724291572966481
0.048177777742433
-0.820623778936949
0.11707996036157
1.12305510196986
-1.16265155205633
0.165637083815066
1.7892648321332
-1.22209751212115
-1.33415236497237
0.853117437901128
-0.227196276988848
-1.26962934801073
-0.198384531323431
1.30161047022512
-1.33524872247141
-0.525850749483885
1.31097861840943
-0.51586157892099
-0.921826414115021
0.106308349739734
1.34493835360923
-1.06722374998691
-0.728538610502491
0.876418243370024
-0.911126838991338
-0.482084008851105
0.284687245690465
