-0.637140308373575
0.725759624880528
1.02675428838251
-1.2660966864091
-0.116352128161061
0.956267807744768
0.0799874305146982
-0.58106049705602
0.00924141797453646
1.96080417811566
0.873889431300291
-1.62931365845785
-0.230879920526916
1.4038347397036
-1.17290419975196
-0.234338860452662
0.229492070707665
1.73863119101684
-1.26973041404297
-0.0412803502449137
1.46992949416726
0.376042700490684
-1.30445442064581
0.391529723355111
1.59443098428129
-1.01601931035327
-0.315201585687648
1.1740830442253
0.232913471023889
-1.10982719380921
0.212365158714354
1.6351499413945
-0.8891240701265
-0.439829747331956
0.326208659074596
0.722613706332203
-0.940578195673795
-0.22129257560316
0.662745495846959
0.937212452897534
-0.795364397275458
0.0892360083948272
1.64760239829046
-2.00892687465564
0.0865630399403669
1.86672762055945
-0.408728921534441
-0.207580794347349
0.325974108344892
1.25256435806421
-1.03921636208472
0.275609223903278
1.7532513828018
2.87584532606594
1.05005330096164
-0.770910606490236
-1.50063642448452
-1.39335585037694
-1.04942295485056
-0.21890680766163
-0.548841442800526
0.398940042264303
1.51125938792235
1.64016249141957
0.843293076542586
-0.89708209909898
-1.31548321897634
-1.11446028261901
1.59334569219589
2.41330081223959
-0.214583173064416
-0.521169403010584
-1.23181362092347
-1.28657451387838
-0.868677653536578
-0.317823441905711
0.683047806200233
0.607793103079212
-0.738900226900869
-0.279676197110402
0.0884963042837232
0.015755325943146
0.852070229506045
0.821052380558866
-1.1613909699456
-0.0954521822467881
0.612516269761651
0.260330963323826
-0.569439195475449
0.16203510311662
1.62994616789592
0.962901849416021
-1.28102953644632
-1.16638221596427
0.608734908270127
0.32351663594349
-0.204205670586817
-0.156091969000277
1.17143650242991
-0.727349299627668
-0.0509858428296896
0.652364071601773
-0.17657946261468
-0.413444018727697
0.295651605746966
1.3734572879945
-0.904845185273599
-0.294399696637062
0.831936114119866
0.719264655188011
-1.36350224350057
0.0526787594201996
1.40288054123646
-0.0800089453124369
-1.15671549336746
-0.412801306372267
1.44751653819178
-0.343040083280291
-0.511337240808919
0.309888483442242
1.48551871259451
-1.25673693456618
-0.347816733703485
1.92571391979126
1.95795519325769
1.99369739540534
-1.68191577794994
-1.30671554539694
-0.525980913553764
-0.839341353782911
-1.03082044610372
-0.724395478137612
-0.324993950835342
-0.667100883938438
0.613520722092056
1.66167158162361
-1.12504610216817
-1.04142455931905
0.377548395865433
1.07585113185182
-1.32167657946608
-0.347241528015535
-0.00541278311804909
1.39854406855733
0.369298087670097
-1.1749643327896
-0.515858986866186
-0.205969053445873
-0.582129025598107
1.01052932881039
-0.982575086003831
-0.823744107354323
-0.170168159078165
1.58916581909797
0.648921266767426
-0.774269483575663
-1.02379598497654
0.2691321248605
1.96534454815507
-0.928032999480067
-1.25847369089538
0.118051121825988
0.00530407648782187
1.39675246376597
-0.888993963259769
-0.255722708116645
0.215549062303082
0.0799562779810592
-0.915916934853925
-0.258841953962886
0.679743332359269
1.24004379730993
-1.17773518352545
0.166943051719277
0.855083876330085
0.0808156786036675
-0.633407615231867
-0.293533622316807
1.91808890099959
-1.04480554068718
-1.0935283378751
-0.249072763159623
1.15652022448982
-0.948850221606838
-0.906611132312508
-0.109209290800475
1.22135887771452
-0.0125710836699592
-0.68336705991751
0.201182137233717
1.30973004859291
-0.849095805819615
-0.612868358043446
1.72752942035098
0.286830874532199
-1.48761645614442
-0.0171550559812104
1.69622155620833
-1.07373709870175
-0.662695341587186
0.962833060370871
-0.267709873930172
-1.67768740777311
0.777127855112028
-0.519032384078435
-0.848911600510599
0.114413034200873
0.90452514889378
-1.3209305836365
-0.533559903876057
1.1852567464467
-1.62532654768071
-0.45472772499649
1.4999544921564
-1.44551958872019
-0.532706170297413
1.42218894390778
-0.74032946746959
-0.794269546313476
0.414867297340988
0.136463485919548
-1.17987632036407
0.55912528758295
1.30205258314689
-1.52081985406771
-0.577618744708383
1.45845724869301
-1.51142270431918
-0.65017754926516
1.02337337205006
-1.00498560440122
-0.450603997543229
0.72429157296643
0.0481777777424288
-0.82062377893704
0.117079960361554
1.12305510196977
-1.16265155205633
0.165637083815002
1.78926483213301
-1.22209751212109
-1.33415236497207
0.853117437901003
-0.227196276988813
-1.26962934801057
-0.198384531323475
1.30161047022514
-1.3352487224714
-0.525850749483995
1.3109786184093
-0.515861578920973
-0.921826414114914
0.106308349739731
1.34493835360961
-1.06722374998702
-0.728538610502623
0.876418243370092
-0.911126838991419
-0.482084008851167
0.284687245690524
