-0.637140308373582
0.725759624880572
1.02675428838245
-1.2660966864092
-0.11635212816104
0.956267807744812
0.0799874305147014
-0.581060497056042
0.00924141797454747
1.96080417811528
0.87388943130032
-1.62931365845819
-0.230879920526969
1.40383473970353
-1.17290419975212
-0.234338860452631
0.229492070707653
1.73863119101696
-1.26973041404304
-0.0412803502449034
1.46992949416716
0.376042700490666
-1.30445442064581
0.391529723355079
1.59443098428121
-1.01601931035324
-0.315201585687668
1.17408304422538
0.232913471023896
-1.10982719380919
0.212365158714332
1.63514994139423
-0.889124070126545
-0.439829747331981
0.326208659074516
0.722613706332187
-0.940578195673815
-0.221292575603135
0.662745495847113
0.937212452897479
-0.79536439727531
0.0892360083948462
1.64760239829055
-2.00892687465564
0.0865630399403809
1.86672762055941
-0.40872892153446
-0.20758079434735
0.325974108344935
1.2525643580642
-1.03921636208467
0.275609223903322
1.75325138280203
2.87584532606608
1.05005330096156
-0.770910606490239
-1.50063642448446
-1.39335585037706
-1.04942295485067
-0.218906807661617
-0.548841442800656
0.398940042264369
1.51125938792226
1.64016249141967
0.843293076542649
-0.897082099098908
-1.31548321897634
-1.11446028261906
1.59334569219564
2.41330081223942
-0.214583173064371
-0.52116940301057
-1.23181362092321
-1.28657451387837
-0.868677653536547
-0.317823441905715
0.683047806200374
0.60779310307926
-0.738900226900693
-0.2796761971104
0.088496304283747
0.0157553259431604
0.852070229506152
0.82105238055876
-1.16139096994559
-0.0954521822467916
0.61251626976159
0.260330963323824
-0.569439195475453
0.162035103116628
1.62994616789587
0.962901849416024
-1.28102953644649
-1.16638221596458
0.608734908270143
0.323516635943488
-0.204205670586793
-0.156091969000241
1.17143650242997
-0.72734929962764
-0.0509858428296777
0.652364071601779
-0.17657946261472
-0.413444018727813
0.295651605746984
1.37345728799425
-0.904845185273354
-0.294399696637157
0.831936114119897
0.719264655187984
-1.36350224350089
0.0526787594202249
1.40288054123638
-0.0800089453124314
-1.15671549336746
-0.412801306372217
1.44751653819202
-0.34304008328025
-0.511337240808869
0.309888483442221
1.48551871259441
-1.25673693456587
-0.347816733703421
1.92571391979141
1.95795519325794
1.99369739540533
-1.68191577794996
-1.30671554539685
-0.525980913553832
-0.839341353782895
-1.03082044610394
-0.724395478137666
-0.324993950835367
-0.667100883938527
0.613520722092132
1.66167158162348
-1.12504610216777
-1.04142455931903
0.377548395865477
1.07585113185189
-1.32167657946585
-0.347241528015542
-0.00541278311803899
1.39854406855743
0.369298087670048
-1.17496433278951
-0.515858986866202
-0.205969053445844
-0.58212902559804
1.01052932881049
-0.982575086003939
-0.823744107354268
-0.170168159078139
1.58916581909814
0.648921266767466
-0.774269483575641
-1.02379598497646
0.269132124860499
1.96534454815501
-0.928032999479933
-1.25847369089543
0.118051121825987
0.00530407648782879
1.39675246376595
-0.888993963259563
-0.255722708116597
0.21554906230311
0.0799562779810832
-0.915916934854114
-0.258841953962915
0.679743332359388
1.24004379730979
-1.17773518352507
0.166943051719279
0.855083876329858
0.0808156786036627
-0.633407615231799
-0.293533622316817
1.91808890099934
-1.04480554068716
-1.09352833787514
-0.249072763159605
1.15652022448999
-0.948850221606867
-0.90661113231246
-0.109209290800465
1.22135887771467
-0.0125710836699441
-0.68336705991755
0.201182137233694
1.30973004859331
-0.849095805819518
-0.612868358043345
1.7275294203509
0.286830874532236
-1.48761645614465
-0.017155055981201
1.69622155620802
-1.073737098702
-0.662695341587153
0.962833060370867
-0.267709873930167
-1.67768740777336
0.777127855112039
-0.519032384078394
-0.848911600510532
0.114413034200869
0.904525148893803
-1.32093058363658
-0.533559903876043
1.18525674644671
-1.62532654768042
-0.454727724996612
1.49995449215625
-1.4455195887203
-0.532706170297281
1.42218894390782
-0.740329467469602
-0.794269546313615
0.414867297340999
0.136463485919567
-1.17987632036424
0.559125287582838
1.30205258314699
-1.52081985406755
-0.577618744708483
1.45845724869279
-1.51142270431918
-0.650177549265297
1.02337337205022
-1.0049856044013
-0.450603997543219
0.724291572966498
0.048177777742433
-0.820623778936946
0.117079960361571
1.12305510196986
-1.16265155205633
0.165637083815069
1.78926483213322
-1.22209751212116
-1.33415236497238
0.85311743790112
-0.227196276988848
-1.26962934801073
-0.198384531323429
1.30161047022512
-1.33524872247141
-0.525850749483889
1.31097861840942
-0.515861578920988
-0.921826414115016
0.106308349739733
1.34493835360921
-1.0672237499869
-0.728538610502488
0.876418243370022
-0.911126838991339
-0.482084008851106
0.28468724569047
