-0.637140308373588
0.725759624880563
1.02675428838244
-1.26609668640918
-0.116352128161041
0.956267807744806
0.0799874305146996
-0.581060497056042
0.00924141797454692
1.96080417811526
0.87388943130032
-1.6293136584582
-0.23087992052697
1.40383473970353
-1.17290419975213
-0.234338860452632
0.229492070707653
1.73863119101697
-1.26973041404303
-0.0412803502449035
1.46992949416716
0.376042700490668
-1.3044544206458
0.391529723355079
1.59443098428122
-1.01601931035325
-0.31520158568767
1.17408304422537
0.232913471023896
-1.1098271938092
0.212365158714332
1.63514994139424
-0.889124070126544
-0.439829747331978
0.326208659074513
0.722613706332186
-0.940578195673806
-0.221292575603133
0.662745495847119
0.937212452897483
-0.795364397275311
0.0892360083948472
1.64760239829056
-2.00892687465562
0.0865630399403806
1.86672762055939
-0.408728921534459
-0.207580794347351
0.325974108344935
1.25256435806421
-1.03921636208465
0.275609223903324
1.75325138280203
2.87584532606609
1.05005330096156
-0.77091060649024
-1.50063642448446
-1.39335585037705
-1.04942295485067
-0.218906807661616
-0.548841442800652
0.398940042264369
1.51125938792228
1.64016249141966
0.843293076542639
-0.897082099098914
-1.31548321897634
-1.11446028261907
1.59334569219564
2.41330081223943
-0.214583173064374
-0.521169403010569
-1.23181362092321
-1.28657451387837
-0.86867765353655
-0.317823441905718
0.683047806200371
0.607793103079265
-0.738900226900692
-0.279676197110399
0.0884963042837476
0.0157553259431607
0.852070229506142
0.821052380558763
-1.16139096994557
-0.0954521822467908
0.612516269761587
0.260330963323823
-0.56943919547546
0.162035103116626
1.62994616789583
0.962901849416018
-1.28102953644649
-1.16638221596458
0.608734908270138
0.323516635943487
-0.204205670586792
-0.15609196900024
1.17143650242997
-0.727349299627642
-0.050985842829678
0.652364071601789
-0.176579462614721
-0.413444018727822
0.295651605746979
1.37345728799425
-0.904845185273367
-0.294399696637158
0.831936114119893
0.719264655187991
-1.36350224350089
0.0526787594202246
1.40288054123641
-0.0800089453124319
-1.15671549336744
-0.412801306372218
1.44751653819204
-0.343040083280251
-0.511337240808862
0.309888483442221
1.4855187125944
-1.25673693456588
-0.347816733703424
1.92571391979142
1.95795519325792
1.99369739540535
-1.68191577794994
-1.30671554539683
-0.525980913553828
-0.839341353782894
-1.03082044610393
-0.724395478137669
-0.324993950835367
-0.667100883938524
0.61352072209213
1.66167158162346
-1.12504610216778
-1.04142455931903
0.37754839586547
1.07585113185189
-1.32167657946584
-0.347241528015544
-0.0054127831180391
1.39854406855744
0.369298087670047
-1.17496433278953
-0.515858986866206
-0.205969053445845
-0.582129025598037
1.0105293288105
-0.982575086003955
-0.823744107354274
-0.17016815907814
1.58916581909812
0.64892126676747
-0.774269483575642
-1.02379598497646
0.2691321248605
1.965344548155
-0.928032999479936
-1.25847369089542
0.118051121825988
0.00530407648782883
1.39675246376594
-0.888993963259561
-0.255722708116598
0.215549062303111
0.0799562779810847
-0.915916934854117
-0.258841953962913
0.679743332359392
1.24004379730981
-1.17773518352507
0.166943051719278
0.855083876329863
0.0808156786036633
-0.633407615231799
-0.293533622316818
1.91808890099936
-1.04480554068716
-1.09352833787515
-0.249072763159603
1.15652022448999
-0.948850221606871
-0.906611132312464
-0.109209290800466
1.22135887771468
-0.0125710836699445
-0.68336705991755
0.201182137233697
1.30973004859332
-0.849095805819516
-0.612868358043339
1.7275294203509
0.286830874532236
-1.48761645614464
-0.0171550559812012
1.696221556208
-1.073737098702
-0.662695341587152
0.962833060370873
-0.267709873930166
-1.67768740777336
0.777127855112044
-0.51903238407839
-0.848911600510531
0.114413034200872
0.904525148893807
-1.3209305836366
-0.533559903876042
1.1852567464467
-1.62532654768043
-0.454727724996612
1.49995449215624
-1.44551958872028
-0.532706170297279
1.42218894390783
-0.740329467469605
-0.794269546313615
0.414867297340999
0.13646348591957
-1.17987632036424
0.55912528758284
1.30205258314698
-1.52081985406755
-0.577618744708486
1.45845724869279
-1.51142270431922
-0.650177549265301
1.02337337205021
-1.00498560440131
-0.450603997543214
0.724291572966486
0.0481777777424329
-0.820623778936953
0.117079960361571
1.12305510196989
-1.16265155205633
0.165637083815066
1.78926483213319
-1.22209751212116
-1.33415236497237
0.853117437901123
-0.227196276988848
-1.26962934801073
-0.198384531323429
1.30161047022512
-1.33524872247142
-0.525850749483882
1.31097861840941
-0.515861578920986
-0.92182641411502
0.106308349739736
1.3449383536092
-1.0672237499869
-0.728538610502487
0.876418243370022
-0.911126838991334
-0.482084008851105
0.284687245690467
